hash,file,bundle,offset,size
9e2c47000d3c91de,orb.ao,Tiny.VD.1,26158974,690
8a7e897d982fc61a,orb.aoc,Tiny.VD.1,45097290,11612
54caaf124fa1cb06,nova.ao,Tiny.V2.1,43325222,404
b69c460d44614666,nova.aoc,Tiny.V2.1,50183614,2724
