hash,file,bundle,offset,size
365bf6f1b0f68e34,warlordmiserybodydex.ao,Tiny.VF.1,175463626,1800
97f6b37d1e28ce70,warlordmiserybodydexint.ao,Tiny.V5.1,176388548,1816
77c12ab58f940c15,warlordmiserybodyint.ao,Tiny.V9.1,177957211,2240
e988ca6d4974a37b,warlordmiserybodyintb.ao,Tiny.V1.1,176615092,1970
f1f772ccb441b84f,warlordmiserybodystrb.ao,Tiny.V1.1,176617062,1704
ee4d16bab45213a5,warlordmiserybodystrdex.ao,Tiny.VA.1,176243395,1718
34920a72f504defb,warlordmiserybodystr.ao,Tiny.VA.1,176241409,1986
3871455d3a37f429,warlordmiserybodystrint.ao,Tiny.V9.1,177959451,1618
