hash,file,bundle,offset,size
7fe2ed63225ac001,blood_fountain_big.ao,Tiny.V0.1,4317306,7518
