hash,file,bundle,offset,size
0e877af99236c334,bnpnt_emit_u.mat,Tiny.V8.1,72653690,1370
80a5beb4e29036c9,trail_smoke.mat,Tiny.V8.1,109443284,45328
b40d6ff011593437,trail_ice_01.mat,Tiny.VB.1,111920960,35906
8c4fee66201b3597,trail_ice_02.mat,Tiny.VF.1,112922914,34226
0f728c7986ad65de,mortar_core_01_r.mat,Tiny.V9.1,111695544,46806
bf17f7e2c44c9aee,mortar_sparks_02_r.mat,Tiny.V8.1,8993184,25646
f2ebe1545c7caa76,mortar_sparks_02_u.mat,Tiny.V5.1,111869290,15164
