hash,file,bundle,offset,size
81e9784d6a041a46,loop_circle.pet,Tiny_9,36574982,7250
698cc3b0cb90b76f,loop_fwdmidline.pet,Tiny_9,36582232,3378
