hash,file,bundle,offset,size
fa39dda4985eecf4,boatwater.ot,Tiny_51,5647435,610
96bd85f8a5e70657,waterlap.ot,Tiny_51,5648045,624
