hash,file,bundle,offset,size
410b2396a3907694,sand_trails.pet,Tiny_D,396889976,20340
ca42a3010775020a,sand_trails_large.pet,Tiny_D,396910316,20424
