hash,file,bundle,offset,size
45ff737b801517f0,additionaldrops.ot,Tiny.V1.1,180373806,82
981de0256742df32,onaggroaudio.ao,Tiny.V0.1,187648374,1482
3f94b8373b8d5aac,twoheadedtitan.ot,Tiny.V2.1,189870030,776
bdf2606f9d8396b3,twoheadedtitan.ao,Tiny.VC.1,191331013,65170
aadb890badbe75b0,twoheadedtitan.act,Tiny.V7.1,185305141,1886
