hash,file,bundle,offset,size
c7b231d040135990,pantheontabbackground.dds,Art/Textures/Interface/2D/2DArt/UIImages.97,0,1329540
808af7505b2dbd77,pantheontabbackground.dds.header,Tiny_7,94559239,1400
df6d59d088543714,2.dds,Folders/art/textures/interface/2d/2dart/C4/uiimages,64036,482196
2d528a2f1be090f5,2.dds.header,Tiny_7,94552679,1848
