hash,file,bundle,offset,size
ee5f190c80b088fc,mblur_swipe_r.mat,Tiny.VE.1,143194392,20224
e9504ca3d5cf10fa,bluetrail_r.mat,Tiny.VC.1,146689679,54368
