hash,file,bundle,offset,size
704d9bfe9798a67e,mektulcrucible.ao,Tiny.V7.1,127610015,388
84e401b95dcf38ee,mektulcrucible.aoc,Tiny.V5.1,125643444,1240
961eafc5f453570f,mektulmapplatform.ao,Tiny.VC.1,130550038,400
64221010ece2a370,mektulmapplatform.aoc,Tiny.V2.1,128998468,1368
d31f98997d0d632f,mektulmapplinth.ao,Tiny.VE.1,124370072,334
af4bb717fac38d2d,mektulmapplinth.aoc,Tiny.V0.1,130316914,1248
8acbe729f20fb478,mektullava.ao,Tiny.V5.1,125644684,1526
65685d1d1f454af9,mektullava.aoc,Tiny.VE.1,124361106,8966
