hash,file,bundle,offset,size
820ace981b86299f,bodybeam_cold01.mat,Tiny.V7.1,43654234,55562
1a1c49e87f7e0b15,surgearm_cold.mat,Tiny.V3.1,44721055,32666
a3eb2119c6ec7e76,surgearm_cold03.mat,Tiny.V7.1,43709796,55030
e635dea3044a4f13,surgearm_cold02.mat,Tiny.V7.1,43654234,55562
