hash,file,bundle,offset,size
7fa61e44adfecc37,ringemit.pet,Tiny.V9.1,193771158,40882
8a202e0cd0d2430d,ptemit.pet,Tiny.V8.1,192704858,10444
9a8073a4c763f494,innerfire.pet,Tiny.V9.1,193766150,5008
