hash,file,bundle,offset,size
c6fb43822bbab110,ie_absorb.ao,Tiny_9,510109482,3986
