hash,file,bundle,offset,size
3f7fee7cad4da971,walkway_x_01.tgt,Tiny.V4,15622428,3552
0bf689de42de75ed,walkway_tri_01.tgt,Tiny.V4,15618940,3488
dec04daf4596402d,walkway_st_01.tgt,Tiny.V6,15405024,2636
3e3862a6a72ef406,walkway_cc_01.tgt,Tiny.V2,15535075,3348
b75a51c10bc083bc,walkway_end_02.tgt,Tiny.V1,15288091,4090
8cab70fc78821cb1,walkway_end_01.tgt,Tiny.V3,15137076,2692
