hash,file,bundle,offset,size
5f7ffd690b850529,cracks.pet,Tiny.V7.1,47101776,13510
fa45f5dfd091bb2b,weapon_buff.pet,Tiny.V0.1,49865458,9884
