hash,file,bundle,offset,size
25d18d7abadeac26,mid.pet,Tiny.V3.1,192679829,3928
6868a7b22061db08,explode_mid.pet,Tiny.VF.1,187824070,6046
210af23243deff2b,circle.pet,Tiny.V8.1,191403266,2136
