hash,file,bundle,offset,size
dd9781ad5034df84,midnightpactscavengerponchodexheld.ao,Tiny.VC.1,180384771,854
007d67c50619c3e2,midnightpactscavengerponchobaseheld.ao,Tiny.VF.1,175191600,3172
2c45269c16619028,midnightpactscavengerponchointheld.ao,Tiny.VD.1,176601929,854
e5b50f088649120f,midnightpactscavengerponchostrheld.ao,Tiny.VD.1,176602783,854
1c72d1f669d32a07,midnightpactscavengerponchostrintheld.ao,Tiny.V3.1,179334665,860
