hash,file,bundle,offset,size
a0de249a033bafc3,canopyframe_01.ao,Tiny.VD.1,203540816,904
1c00dc3b83dd6aa2,canopybundle_02.ao,Tiny.VB.1,202815109,580
a3d4bece835db3e9,canopybundle_05.ao,Tiny.VB.1,202815689,906
90fd1b154194298d,canopybundle_01.ao,Tiny.V3.1,204583356,558
25ca9d679dd24c0e,canopybundle_04.ao,Tiny.V9.1,205279682,428
