hash,file,bundle,offset,size
dfe5686224744c7b,drownedskeleton.ot,Tiny.V2.1,188613164,832
ae537dfd409d146d,drownedskeletonaggroaudio.ao,Tiny.V4.1,186203842,1420
1759ffac412c9383,drownedskeleton02.ao,Tiny.V6.1,184530861,68728
c068a42738f1437c,drownedskeleton02nophys.ao,Tiny.V0.1,185694606,52570
108daa50d53d7c67,drownedskeleton01.ao,Tiny.VD.1,186551923,69990
78c7c2111e396c28,drownedskeleton01nophys.ao,Tiny.VF.1,183227814,52570
