hash,file,bundle,offset,size
1750a82dbe3a444b,ground_small_embers_u.mat,Tiny.VD.1,171873040,23732
ae9ef4f0de53d7c1,ground_small_runes_u.mat,Tiny.V5.1,171580896,15738
5f14519f8b8d2b80,ground_small_streaks_u.mat,Tiny.VA.1,170840602,24226
