hash,file,bundle,offset,size
479921be5b2910aa,l_arm.fmt,Streaming/Content/metadata/effects/spells/monsters_effects/542F56B5A086A78E.92228571F2F4FF67.death_rock_platform.pet,392086,16160
92f9ee3530e460be,l_arm.fmt.header,Tiny.V1,37661110,128
11d8b8f7fb1b4031,r_arm.fmt,Streaming/Content/metadata/effects/spells/monsters_effects/97A8D43C2DF900EE.0A5409DA6C8EEDB3.arenashields.ao,511356,16160
a9f2df23e883c73d,r_arm.fmt.header,Tiny.V5,37435269,128
811c8f40e853bb4c,projectilerig.amd,Tiny.V0,34564192,1094
98b801312f43b7b8,projectilerig.ast,Tiny.V4,37960991,1435
dc0a13aede0f068d,mirrored_halfcyl.fmt,Streaming/Content/metadata/effects/spells/monsters_effects/FAD2B4308B7A5474.2295463C765B64CE.halo_pit_01.pet,429992,9842
ca25ed02d252bebe,mirrored_halfcyl.fmt.header,Tiny.V8,37520766,182
52c9ff02ffb9b8af,twistycone.fmt,Streaming/Content/metadata/effects/spells/monsters_effects/48EC742C51A58BCA.05AC08E97D331122.whirlingblades_swirl.pet,458318,18134
ab5ba84f6edf168b,twistycone.fmt.header,Tiny.V8,37520948,176
4333ba1df120b141,twistysphere_reverse.fmt,Streaming/Content/metadata/effects/spells/monsters_effects/8C5C6EE7C40F70C0.605AE59E3AC7E730.bone_storm_marker.pet,400187,30970
b95725a7cf7e57cd,twistysphere_reverse.fmt.header,Tiny.V3,37241445,186
7454b90b41d560de,twistysphere.fmt,Streaming/Content/metadata/effects/spells/monsters_effects/8C5C6EE7C40F70C0.AAA2D90DA4B58A1F.upline.pet,491873,30954
816c3866f02c6d4d,twistysphere.fmt.header,Tiny.VB,38197226,178
