hash,file,bundle,offset,size
1ad53e9f575fdd95,circle.pet,Tiny.VC.1,196579075,4416
9d629d693c00c0d5,midline.pet,Tiny.V0.1,192689510,3992
