hash,file,bundle,offset,size
94d0b5037ffc14dd,bloodfever_coast_stww_01.tdt,Tiny.V3.1,205471640,3024
46f54ae991df3821,bloodfever_coast_stww_01.tmd,Tiny.V3.1,205474664,13966
91a194e1825206a8,bloodfever_coast_stsm_01.tdt,Tiny.V8.1,204913681,2751
9b2d185af2cd150e,bloodfever_coast_stss_01.tdt,Tiny.VC.1,209465131,2561
5d9dbc11b12b7ec1,bloodfever_coast_stsw_01.tdt,Tiny.VC.1,208418954,2628
98f03b366ae01fe8,bloodfever_coast_stsw_01.tmd,Tiny.V9.1,206309369,15396
3e90c6a4507ec6bb,bloodfever_coast_stmw_01.tdt,Tiny.V6.1,203089146,2525
85e7584fa0ecae59,bloodfever_coast_stmw_01.tmd,Tiny.V2.1,206734542,15712
7d6bec01d5a1000f,bloodfever_coast_stmm_01.tdt,Tiny.V8.1,204910811,2870
fda8b7b61fa396cc,bloodfever_coast_stmm_01.tmd,Tiny.V9.1,206297883,11486
97701cdc470361e6,bloodfever_coast_cvww_01.tdt,Tiny.VA.1,205355130,2943
4d39da499440f459,bloodfever_coast_cvww_01.tmd,Tiny.V7.1,202308253,14108
976f0e1ce528ea56,bloodfever_coast_cvsw_01.tdt,Tiny.V2.1,206731546,2996
11081c84f9b9ab3f,bloodfever_coast_cvsw_01.tmd,Tiny.V0.1,205779701,13242
56d557cbb34d1fd3,bloodfever_coast_cvss_01.tdt,Tiny.VF.1,201808675,2809
81f4446c9a38f774,bloodfever_coast_cvss_01.tmd,Tiny.VB.1,203740769,13520
dc53498647181756,bloodfever_coast_cvsm_01.tdt,Tiny.VB.1,203737856,2913
1eaad5ff31247e56,bloodfever_coast_cvsm_01.tmd,Tiny.V9.1,206285145,12738
0bead30bd3faa8fd,bloodfever_coast_cvmw_01.tdt,Tiny.V1.1,202225912,3176
04a94ae9775d992a,bloodfever_coast_cvmw_01.tmd,Tiny.VE.1,202634506,16914
1223f08d3bdab3db,bloodfever_coast_cvmm_cvmm_01.tdt,Tiny.V9.1,206270721,4972
2c51191459b5106b,bloodfever_coast_cvmm_cvmm_01.tmd,Tiny.V9.1,206275693,9452
eaafb4d05b672e38,bloodfever_coast_cvmm_01.tdt,Tiny.VB.1,203735157,2699
6ec4dbdee183d75b,bloodfever_coast_cvmm_01.tmd,Tiny.V5.1,201927805,10672
70e9b6299b1a54e2,bloodfever_coast_ccww_01.tdt,Tiny.V2.1,206729797,1749
9f51651addcfe602,bloodfever_coast_ccww_01.tmd,Tiny.V3.1,205457414,14226
7bd8b2038b5163f4,bloodfever_coast_ccwm_01.tdt,Tiny.VA.1,205353384,1746
7a09bceed3bb0ad7,bloodfever_coast_ccwm_01.tmd,Tiny.VD.1,204089487,15808
5f4994bd0bf78e3d,bloodfever_coast_ccsw_01.tdt,Tiny.V7.1,202289253,2066
23a6c5badbfd20fb,bloodfever_coast_ccsw_01.tmd,Tiny.V7.1,202291319,16934
69fb0e549df9e40d,bloodfever_coast_ccss_01.tdt,Tiny.V1.1,202223143,2769
4a7f5333d04e465e,bloodfever_coast_ccss_01.tmd,Tiny.VE.1,202613510,20996
b609ec60eaab175f,bloodfever_coast_ccsm_01.tdt,Tiny.V9.1,206268172,2549
e20a586546b9ed49,bloodfever_coast_ccsm_01.tmd,Tiny.V6.1,203071644,17502
4c0380f68d2c25de,bloodfever_coast_ccmm_01.tdt,Tiny.V5.1,201925794,2011
62d14cd271029842,bloodfever_coast_ccmm_01.tmd,Tiny.VC.1,208398284,20670
