hash,file,bundle,offset,size
2b0b6bd497775f72,axemace_2h.pet,Tiny.V7.1,58365152,25308
390d78e393a4845e,axemace_2h_mid.pet,Tiny.V6.1,61582753,28924
43cd79f2730d3e31,axemace_1h.pet,Tiny.V3.1,61839297,25320
0c1b5276e5068b6c,axemace_1h_mid.pet,Tiny.V4.1,62125596,28960
