hash,file,bundle,offset,size
70b9635f4a18c832,box_sparks.pet,Tiny_E,264723569,15638
134f9f498fadba1a,endshoot.pet,Tiny_E,264739207,1788
f6d047ca61534908,mid.pet,Tiny_E,264740995,1708
301d44da7293589b,outstart.pet,Tiny_E,264742703,1718
07ef14d4b7557ed9,player_trail.pet,Tiny_E,264744421,10562
9d0cdfa73fa270f0,shootback.pet,Tiny_E,264754983,15358
562cabbbfd189a6c,shootfront_trail.pet,Tiny_E,264770341,3556
