hash,file,bundle,offset,size
506867a0aed92bdd,marakethhonourguardmaledeadbase.ao,Tiny.V9.1,186126426,14298
fda5c397a675b5b4,marakethhonourguardfemaledeadbase.ao,Tiny.V3.1,186040321,14302
