hash,file,bundle,offset,size
69babc9fcf84796e,activate.pet,Tiny.V6.1,142338344,33188
1119be9a9ffe5749,monster_ray.pet,Tiny.V6.1,142371532,12742
