hash,file,bundle,offset,size
64ec7606286e856f,heistdoor_01_eventdrivenblocker.fmt,Tiny_5,61235262,269
5c685d4f69cafccc,heistdoor_01_eventdrivenblocker.fmt.header,Tiny_5,61449396,152
ec27c04de6e86bf9,heistdoor_01_clicktoopendoor.fmt,Tiny_7,19668252,43
c4bdef1149027dd2,heistdoor_01_clicktoopendoor.fmt.header,Tiny_7,56868231,128
7c3a9771910381ac,heistdoor_01.tgt,Tiny_5,61232975,1314
53f11d23f34830d0,heistdoor_01.tmd,Tiny_5,61234289,973
