hash,file,bundle,offset,size
103a545361beb493,renderidle.fxgraph,Folders/metadata/terrain,8638894,7330
16dc2753bf332c5b,stencildissolve.fxgraph,Tiny.V1.1,205596540,822
c95468f823a41ed9,stencilmark.fxgraph,Folders/metadata/terrain,8646224,65314
d0fa100b3f28bab3,stencilmark_glow.fxgraph,Folders/metadata/terrain,8711538,64856
