hash,file,bundle,offset,size
ee0b7c94497d6cfe,showtemplebuttonregular.dds,Streaming/Folders/art/textures/interface/2d/A417E23C8F6760AC.3913E97A855491BB.uiimages.4,693952,13876
2152dd974acb77b7,showtemplebuttonregular.dds.header,Tiny.VF,45507200,3416
8b9dceb9eb91f523,showtemplebuttonpressed.dds,Streaming/Folders/art/textures/interface/2d/A74FE168F4BAA42A.3913E97A855491BB.uiimages.6,405020,13876
b8217bc69d2b5b1f,showtemplebuttonpressed.dds.header,Tiny.VB,45602608,3416
c970fdb320ff2bda,showtemplebuttonhover.dds,Streaming/Folders/art/textures/interface/2d/2A1A98DBEAB33FC9.3913E97A855491BB.uiimages.6,1940384,13876
5a12f2e45cb1d4ba,showtemplebuttonhover.dds.header,Tiny.V0,45664154,3416
2f715bb6fcd89698,medallionselected.dds,Streaming/Folders/art/textures/interface/2d/5AA5E503A518B02C.3913E97A855491BB.uiimages.6,497480,26740
7396706a52416855,medallionselected.dds.header,Tiny.VC,45680449,1652
c90e816b561f51fc,medallionrerollrewardroom.dds,Streaming/Folders/art/textures/interface/2d/D9A8F8B553AE3BE6.3913E97A855491BB.uiimages.3,2236016,26740
eaaa23286bc8ce31,medallionrerollrewardroom.dds.header,Tiny.V6,45619201,1652
3a8453cb61b0aed5,medallionrerollremainingrewardroom.dds,Streaming/Folders/art/textures/interface/2d/873B4D6492BD0485.3913E97A855491BB.uiimages.5,235592,26740
2dfeb523ca55149d,medallionrerollremainingrewardroom.dds.header,Tiny.V6,45617549,1652
b2dd17040ebf7372,medallionrandomwaystonemodifier.dds,Streaming/Folders/art/textures/interface/2d/A74FE168F4BAA42A.3913E97A855491BB.uiimages.7,641620,26740
0bdc23c0be3d2122,medallionrandomwaystonemodifier.dds.header,Tiny.VF,45473876,1652
e74d09da3f251811,medallionpreventdeletionofroom.dds,Streaming/Folders/art/textures/interface/2d/C0FC48AAB527D708.3913E97A855491BB.uiimages.6,2260360,26740
eb1990db90ca23c2,medallionpreventdeletionofroom.dds.header,Tiny.V2,45253090,1652
cba6feb8e7886d00,medallionpopupworldtopproximity.dds,Streaming/Folders/art/textures/interface/2d/CD40E4074ECF456B.3913E97A855491BB.uiimages.3,58068,32644
dd583aa35daec9ed,medallionpopupworldtopproximity.dds.header,Tiny.V7,45516237,2056
a35b983b032fd09f,medallionpopupworldtophover.dds,Streaming/Folders/art/textures/interface/2d/472824F88C23C086.3913E97A855491BB.uiimages.6,102724,32644
6e9b73a9d170eb57,medallionpopupworldtophover.dds.header,Tiny.V1,45366183,2056
1daaf256005425a3,medallionpopupworldtop.dds,Streaming/Folders/art/textures/interface/2d/31484F5FD524F90D.3913E97A855491BB.uiimages.3,863892,32644
e81f674af6bb398c,medallionpopupworldtop.dds.header,Tiny.V0,45624022,2056
dae05ccc90c84015,medallionpopupworldtitleproximity.dds,Streaming/Folders/art/textures/interface/2d/140A11A0453AB9ED.3913E97A855491BB.uiimages.5,862072,38868
edfa371d2705f4fd,medallionpopupworldtitleproximity.dds.header,Tiny.V7,45515521,716
8d363047b1173fc7,medallionpopupworldtitlehover.dds,Streaming/Folders/art/textures/interface/2d/0AA6ADDEEA5E40BE.3913E97A855491BB.uiimages.6,739680,38868
525b481885e05472,medallionpopupworldtitlehover.dds.header,Tiny.VB,45556620,716
c58c3b474431fe80,medallionpopupworldtitle.dds,Streaming/Folders/art/textures/interface/2d/F99D6EE2FE16E61B.3913E97A855491BB.uiimages.3,27956,38868
35172ba1ac1397fb,medallionpopupworldtitle.dds.header,Tiny.VC,45679733,716
89a66a0cd0d2f328,medallionpopupitemtitle.dds,Streaming/Folders/art/textures/interface/2d/E0934C9916BB9849.3913E97A855491BB.uiimages.5,2478956,21460
907ca4efef576f27,medallionpopupitemtitle.dds.header,Tiny.V2,45252682,408
37baa949affeb828,medallionleveluproom.dds,Streaming/Folders/art/textures/interface/2d/A21390152C976C8A.3913E97A855491BB.uiimages.6,606428,26740
c9f386a61bc4b2dc,medallionleveluproom.dds.header,Tiny.V1,45364531,1652
95bbcba46cbe3796,medallionincreasemaxtokens.dds,Streaming/Folders/art/textures/interface/2d/3F5E530A60FA9905.3913E97A855491BB.uiimages.4,2576888,26740
18b25ee6e655bf8e,medallionincreasemaxtokens.dds.header,Tiny.V9,46044579,1652
63e295032f715406,medallionincreasemaxmedallions.dds,Streaming/Folders/art/textures/interface/2d/852E0B6392F5BD3C.3913E97A855491BB.uiimages.4,183464,26740
fd7f2a9ae1d99fa9,medallionincreasemaxmedallions.dds.header,Tiny.VF,45472224,1652
02dd640ec4efb671,medallionextrarewardroom.dds,Streaming/Folders/art/textures/interface/2d/A21390152C976C8A.3913E97A855491BB.uiimages.6,49348,26740
040749a04d290fbd,medallionextrarewardroom.dds.header,Tiny.VF,45470572,1652
e5adc5a212fd136c,medallionbonusroom.dds,Streaming/Folders/art/textures/interface/2d/D31D3E4C21CEC124.3913E97A855491BB.uiimages.5,3392456,26740
91db33d4907e3644,medallionbonusroom.dds.header,Tiny.V2,45251030,1652
6fc1255ffb24e6c2,medallionbg.dds,Streaming/Folders/art/textures/interface/2d/7E8CA85505267B7A.3913E97A855491BB.uiimages.6,2793488,26740
2aa8228a9bbc874c,medallionbg.dds.header,Tiny.VA,45584490,1652
33bf8683da49e0e2,incursion2tokencountericon.dds,Tiny.V9,46042543,2036
ae8d5e78980e2cd9,incursion2tokencountericon.dds.header,Tiny.V0,45622162,1860
50750443f1cb8e65,incursion2tokencounterbg.dds,Streaming/Folders/art/textures/interface/2d/852E0B6392F5BD3C.3913E97A855491BB.uiimages.4,445668,11620
f150ef578d856654,incursion2tokencounterbg.dds.header,Tiny.V1,45363743,788
8ff73c435c2ddc59,incursion2titlebar.dds,Streaming/Folders/art/textures/interface/2d/BAD22D9FAFD8FC90.3913E97A855491BB.uiimages.5,2267084,173860
ae971f1dfb0c8666,incursion2titlebar.dds.header,Tiny.VE,45008522,280
de12dd11d5237972,incursion2tileglowstrong.dds,Streaming/Folders/art/textures/interface/2d/48028BBC1D5E164C.3913E97A855491BB.uiimages.6,610076,28084
4d9b6b7dc240116d,incursion2tileglowstrong.dds.header,Tiny.VD,45540178,1744
dc2e13d75df80a1f,incursion2tileglowregular.dds,Streaming/Folders/art/textures/interface/2d/DFE58BFFDBFF1F90.3913E97A855491BB.uiimages.5,2309460,28084
7da81870d435fc99,incursion2tileglowregular.dds.header,Tiny.VA,45582746,1744
9a8502aff79e3c26,incursion2tileglowred.dds,Streaming/Folders/art/textures/interface/2d/31484F5FD524F90D.3913E97A855491BB.uiimages.3,835808,28084
3ddba2ca7da83cd9,incursion2tileglowred.dds.header,Tiny.V5,44917646,1744
bcd8241fe8594a93,incursion2tileglowmedallionreroll.dds,Streaming/Folders/art/textures/interface/2d/A74FE168F4BAA42A.3913E97A855491BB.uiimages.6,366688,28084
64e7830aca2a3c0d,incursion2tileglowmedallionreroll.dds.header,Tiny.V6,45615805,1744
45074ed3b5c3f2b5,incursion2tileglowmedallionlock.dds,Streaming/Folders/art/textures/interface/2d/6AA9538A831636B6.3913E97A855491BB.uiimages.4,936876,28084
f3d276cb1b427669,incursion2tileglowmedallionlock.dds.header,Tiny.V7,45513777,1744
2bd9a8fe5e6e5d5a,incursion2tileglowmedallionlevelup.dds,Streaming/Folders/art/textures/interface/2d/FA61C31491BBC411.3913E97A855491BB.uiimages.7,1004096,28084
81a7cffc3ae767e9,incursion2tileglowmedallionlevelup.dds.header,Tiny.V2,45249286,1744
a78a3a8434092362,incursion2tileglowframe.dds,Streaming/Folders/art/textures/interface/2d/D46F0B71AA93F2C2.3913E97A855491BB.uiimages.5,507348,28084
8904a41851cda4ab,incursion2tileglowframe.dds.header,Tiny.V8,44910441,1744
e4b0445cd74e9d4b,incursion2tileempty.dds,Streaming/Folders/art/textures/interface/2d/1595ECD4B9C0FFC9.3913E97A855491BB.uiimages.6,0,28084
aca6e1dc2db86762,incursion2tileempty.dds.header,Tiny.VD,45538434,1744
92795f045d28237a,incursion2tile.dds,Streaming/Folders/art/textures/interface/2d/A74FE168F4BAA42A.3913E97A855491BB.uiimages.6,418896,28084
12dfe4fd374c9c32,incursion2tile.dds.header,Tiny.V1,45361999,1744
48b8bf27f5ebff96,incursion2sidebgrightexpanded.dds,Streaming/Folders/art/textures/interface/2d/A74FE168F4BAA42A.3913E97A855491BB.uiimages.6,0,48964
46876f7d9f3b39c0,incursion2sidebgrightexpanded.dds.header,Tiny.V6,45614957,848
08ee4273ffb6d123,incursion2sidebgrightcollapsed.dds,Streaming/Folders/art/textures/interface/2d/D6BAD7FEE3760F90.3913E97A855491BB.uiimages.5,546164,7812
bef38d36824f2aef,incursion2sidebgrightcollapsed.dds.header,Tiny.V1,45360019,1980
d9b6279583b278eb,incursion2sidebgexpanded.dds,Streaming/Folders/art/textures/interface/2d/4C5D60E5DA1BA301.3913E97A855491BB.uiimages.6,3273044,48964
55a343095436c577,incursion2sidebgexpanded.dds.header,Tiny.VA,45581898,848
250e117e84cf3467,incursion2sidebgcollapsed.dds,Streaming/Folders/art/textures/interface/2d/8F108B6687EF6415.3913E97A855491BB.uiimages.5,390448,7812
cbac0afc3f474641,incursion2sidebgcollapsed.dds.header,Tiny.V0,45620182,1980
da004ec3912f88c9,incursion2mainbg.dds,Streaming/Folders/art/textures/interface/2d/28CE93CD95828C86.3913E97A855491BB.uiimages.5,2217208,6070004
8f83a1f7a85e2375,incursion2mainbg.dds.header,Tiny.V5,44916098,1548
176126963b911449,incursion2gridtilesatziri.dds,Streaming/Folders/art/textures/interface/2d/D9A8F8B553AE3BE6.3913E97A855491BB.uiimages.3,211956,682308
ffb14a7aff828520,incursion2gridtilesatziri.dds.header,Tiny.VC,45677029,2704
09ff1e0efba01cbf,incursion2gridtiles.dds,Streaming/Folders/art/textures/interface/2d/3F5E530A60FA9905.3913E97A855491BB.uiimages.4,187556,2203492
b4c41eef248a634e,incursion2gridtiles.dds.header,Tiny.V2,45247158,2128
0cb9dd74889e34f6,incursion2cardbgregularselected.dds,Streaming/Folders/art/textures/interface/2d/472824F88C23C086.3913E97A855491BB.uiimages.6,636060,115748
2015b25f05ce34cb,incursion2cardbgregularselected.dds.header,Tiny.V2,45246590,568
a4d16d3f34da9489,incursion2cardbgregularhover.dds,Streaming/Folders/art/textures/interface/2d/90EFAD8B9B4249F0.3913E97A855491BB.uiimages.5,685828,115748
7c7a564149c68d7f,incursion2cardbgregularhover.dds.header,Tiny.VA,45581330,568
c9fc9dfcbb1f7e96,incursion2cardbgregulardestroyed.dds,Streaming/Folders/art/textures/interface/2d/0F606186879AB9FA.3913E97A855491BB.uiimages.6,591764,115748
f25d952ca3a3e7f4,incursion2cardbgregulardestroyed.dds.header,Tiny.V5,44915530,568
61dc4e67cc1a8d0b,incursion2cardbgregular.dds,Streaming/Folders/art/textures/interface/2d/675717058F4DA1AF.3913E97A855491BB.uiimages.5,163292,115748
42b3f8bfaf6de52b,incursion2cardbgregular.dds.header,Tiny.V1,45359451,568
3d82c1cac50558dd,incursion2cardbgmetaselected.dds,Streaming/Folders/art/textures/interface/2d/DE2C961CF5B3DF87.3913E97A855491BB.uiimages.4,345572,115748
a16c2faa5a73d2c3,incursion2cardbgmetaselected.dds.header,Tiny.V7,45513209,568
6a925954521bc901,incursion2cardbgmetahover.dds,Streaming/Folders/art/textures/interface/2d/A3ADA4609510AC8C.3913E97A855491BB.uiimages.6,2245960,115748
dcda1b14e6625deb,incursion2cardbgmetahover.dds.header,Tiny.V8,44909873,568
9345c96b454c18ef,incursion2cardbgmeta.dds,Streaming/Folders/art/textures/interface/2d/F99D6EE2FE16E61B.3913E97A855491BB.uiimages.3,747480,115748
f806ef944c281ea6,incursion2cardbgmeta.dds.header,Tiny.VC,45676461,568
ec186e36840afd5b,incursion2buttonmainpressed.dds,Streaming/Folders/art/textures/interface/2d/A417E23C8F6760AC.3913E97A855491BB.uiimages.4,319940,102724
ea7b65b9cc3df24b,incursion2buttonmainpressed.dds.header,Tiny.V5,44913802,1728
b0c3f2385b78ffd1,incursion2buttonmainnormal.dds,Streaming/Folders/art/textures/interface/2d/A21390152C976C8A.3913E97A855491BB.uiimages.6,459664,102724
f342a6e8dc1bf927,incursion2buttonmainnormal.dds.header,Tiny.V8,44908145,1728
43c2d40338adcd6f,incursion2buttonmaininactive.dds,Streaming/Folders/art/textures/interface/2d/675717058F4DA1AF.3913E97A855491BB.uiimages.5,0,102724
ffdab9e38630fee4,incursion2buttonmaininactive.dds.header,Tiny.VE,45006794,1728
09aa3f6b30690b4d,incursion2buttonmainhover.dds,Streaming/Folders/art/textures/interface/2d/2F3946F17DC57FA4.3913E97A855491BB.uiimages.3,2415868,102724
7e11829c97557dd8,incursion2buttonmainhover.dds.header,Tiny.V7,45511481,1728
15d56d8d97db6654,incursion2buttonmainclosepressed.dds,Streaming/Folders/art/textures/interface/2d/DE2C961CF5B3DF87.3913E97A855491BB.uiimages.4,571300,102724
8b8d0d05ce10f760,incursion2buttonmainclosepressed.dds.header,Tiny.V3,44800701,1728
c6d3649d81855a8a,incursion2buttonmainclosenormal.dds,Streaming/Folders/art/textures/interface/2d/472824F88C23C086.3913E97A855491BB.uiimages.6,0,102724
67c317a590b005e0,incursion2buttonmainclosenormal.dds.header,Tiny.VE,45005066,1728
82722d9eac9fad39,incursion2buttonmainclosehover.dds,Streaming/Folders/art/textures/interface/2d/376247F2329667E0.3913E97A855491BB.uiimages.5,364712,102724
300b840d69d1fe77,incursion2buttonmainclosehover.dds.header,Tiny.VB,45554892,1728
a2643d5d6f51ce35,incursion2buttonmainbg.dds,Streaming/Folders/art/textures/interface/2d/852E0B6392F5BD3C.3913E97A855491BB.uiimages.4,555352,519700
b542e1ed4b10c2fa,incursion2buttonmainbg.dds.header,Tiny.V1,45358907,544
8f9f6f5f3a992eb2,incursion2buttoncrystalinactive.dds,Tiny.VE,45002678,2388
64af4a4773c59d87,incursion2buttoncrystalinactive.dds.header,Tiny.VC,45674185,2276
cdfa673775304e44,incursion2buttoncrystalactive.dds,Tiny.VA,45578942,2388
1dc4785a69ec36f4,incursion2buttoncrystalactive.dds.header,Tiny.V7,45509205,2276
