hash,file,bundle,offset,size
0d88be6a3b147198,harlequinportal.ao,Tiny.VE.1,59760490,10690
4f0d10c9d32e0265,harlequinportal_map.ao,Tiny.V1.1,57054006,10696
249dce13623cbd7c,harlequinportal_purple.ao,Tiny.V4.1,59048442,10570
b05242bde1a9e9a7,harlequinportal_purple _map.ao,Tiny.VA.1,58976600,10506
