hash,file,bundle,offset,size
3ff66888dffeb390,tornado.ao,Tiny_11,145261231,12906
