hash,file,bundle,offset,size
523405e34b21ec0a,azurite_spark.ao,Tiny_D,378067146,8232
