hash,file,bundle,offset,size
b6ed0d8d7476404f,ghostflameignite_audio.ao,Tiny.V8.1,151018921,334
4eb72351e71cb0b5,ghostflameignite_audio.aoc,Tiny.V2.1,41549904,858
