hash,file,bundle,offset,size
99958b7deb15fa31,atlantisdeepwaterportal.ao,Tiny_9,309476830,14774
3a4f6192d73c261f,atlantisdeepwaterportal_ao_pass0.mat,Tiny_9,309491604,2508
ed3ebd2101678a3e,atlantisdeepwaterportal_map.ao,Tiny_9,309494112,14718
3c0946e9a5f3155a,atlantisdeepwaterportal_map_ao_pass0.mat,Tiny_9,309491604,2508
