hash,file,bundle,offset,size
28424798c0445e5d,split_arrow.ao,Tiny.V1.1,168018762,1164
dd1c4bee82769da4,split_arrow_monster.ao,Tiny.V3.1,171547155,1138
9741937411df1219,split_arrow_bounce.ao,Tiny.V6.1,167926395,544
8b49e826fe935004,split_arrow_bounce_monster.ao,Tiny.V6.1,167926395,544
e3cffdbec32bf933,split_arrow_stuck.ao,Tiny.V9.1,170164826,1312
566b28e64d7b7861,split_arrow_stuck_ao_pass0.mat,Tiny.V9.1,174845468,538
83717ec9b820db0a,split_arrow_stuck_monster.ao,Tiny.VC.1,172710373,1354
