hash,file,bundle,offset,size
f37fa2d7d26bd2db,bloodpriestmalenoblood.ao,Tiny.VD.1,129923837,1380
afe4ba31dc0a4782,bloodpriestmalenoblood.aoc,Tiny.VE.1,131712916,2708
9673c9a12a9e26d5,bloodpriestfemalenoblood.ao,Tiny.V6.1,134782436,1416
6020b8aef9c991fa,bloodpriestfemalenoblood.aoc,Tiny.VD.1,129919557,4280
