hash,file,bundle,offset,size
4e65467347574566,1x1_filltlle.tgt,Tiny.VF,17286938,490
2e82ceb68da790ce,blackstar_arena.tgt,Content/data/balance/worldareas/expeditionsubarea_uhtredboss.vworld,695013,5992
f9d3467f0ebfe2dc,blackstar_arena.tmd,Tiny.V5,16907154,6173
