hash,file,bundle,offset,size
f6121e9ebe6cb3fe,spirits.pet,Tiny.V4.1,194548032,5056
cf6dffe8d0a37bce,soul_orb.pet,Tiny.V4.1,194538678,9354
a002c4ce607c9866,soul_trail.trl,Tiny.VE.1,193352846,3442
