hash,file,bundle,offset,size
cacebd8c38339ee2,burst_circle.pet,Tiny_E,205847476,4636
fbc47dee7a3814ab,burst_midline.pet,Tiny_E,205852112,4104
