hash,file,bundle,offset,size
87daccdb1928717b,bloodstain.epk,Tiny.V5.1,53528194,1002
9c76a26fe25475e2,corpsedevour.epk,Tiny.V6.1,173102101,886
