hash,file,bundle,offset,size
d35a921b1e57b5fa,dark_trail_02.mat,Tiny.V6.1,111641951,27464
3a9494f75e2a403f,smoke_trail_02.mat,Tiny.VA.1,111445157,29050
74b31b4488fc2993,chaos_trail.mat,Tiny.V3.1,110448215,25220
5aa79607831b3aae,fire_trail_01.mat,Tiny.V6.1,111669415,23822
4b3154a6e844f65a,trail_blur.mat,Tiny.V0.1,111240762,13818
