hash,file,bundle,offset,size
6342b9077b6e30a4,weaponrack2.ao,Tiny.VF.1,197575787,476
bcb1df68e342789f,weaponrack3.ao,Tiny.V3.1,201248203,476
b2547ec39166956d,weaponrack.ao,Tiny.V1.1,198078655,462
f4ce37c2551607ce,weaponrack4.ao,Tiny.V1.1,198079117,476
b5c954edc927c946,weaponrack5.ao,Tiny.VE.1,198750085,464
2d94f871cefc3adf,damagedarmourywingchun_01.ao,Tiny.V9.1,201590451,508
4a41647296729901,damagedarmourywingchun_02.ao,Tiny.V7.1,197755006,508
977af3db062ef1e9,damagedarmourylevel2_scalemail_01.ao,Tiny.VA.1,201063046,530
9b175ac9373723c4,damagedarmourylevel2_anchoritegarb_01.ao,Tiny.V7.1,197754468,538
1f56b3079c15d4f1,damagedarmourylevel2_weaponrack_02.ao,Tiny.V4.1,199829557,596
4832d11671780230,damagedarmourylevel2_weaponrack_01.ao,Tiny.VE.1,198749555,530
ed14083c13b49010,damagedarmourylevel2_weaponrack_04.ao,Tiny.V4.1,199830153,536
9cbd2079e886ee75,damagedarmourylevel2_weaponrack_03.ao,Tiny.V5.1,197940230,526
b47a83dded49f6c5,damagedarmourylevel1sacrificialmantle_01.ao,Tiny.V7.1,197753872,596
5b85a7f251fd8013,damagedarmourylevel1_briskwrap_01.ao,Tiny.VF.1,197575203,584
0568a7f05f75acc2,damagedarmourylevel1_scalemail_01.ao,Tiny.V9.1,201589927,524
0154640ee2acddb8,damagedarmourylevel1_cuirass_01.ao,Tiny.V5.1,197939710,520
ec51ca4240053d55,damagedarmourylevel1_quatlsmolt_01.ao,Tiny.V9.1,201589401,526
c5ef1327911a9552,damagedarmourylevel1_weaponrack_03.ao,Tiny.V7.1,197753334,538
302beb07de757aaf,damagedarmourylevel1_weaponrack_01.ao,Tiny.V1.1,198077981,674
49d0dd7b3f06fd3a,damagedarmourylevel1_weaponrack_02.ao,Tiny.VD.1,199954826,654
8326b4736c64cfec,damagedarmourylevel1_weaponrack_05.ao,Tiny.VD.1,199955480,538
adf862bbd7ac4b31,armoury_armour_stand_01.ao,Tiny.V5.1,197939282,428
a98049a1004a0283,armourylevel1sacrificialmantle_01.ao,Tiny.VA.1,201061524,448
77fedf29b7a8e7fc,armourylevel1_scalemail_01.ao,Tiny.VC.1,204655799,434
bef9cc635b357a6c,armourylevel1_quatlsmolt_01.ao,Tiny.V9.1,201588965,436
94a2178e55b68299,armourylevel1_briskwrap_01.ao,Tiny.V2.1,202172949,434
108e278efd242622,armourylevel1_cuirass_01.ao,Tiny.V4.1,199827747,430
ec26cf5860c86bc0,armourylevel1_weaponrack_03.ao,Tiny.VB.1,199619200,508
d71f6be0b1a834a5,armourylevel1_weaponrack_02.ao,Tiny.V7.1,197751650,508
f1055cfe77d5a826,armourylevel1_weaponrack_04.ao,Tiny.VD.1,199953876,508
3d64c81a213f3763,armourylevel1_weaponrack_01.ao,Tiny.VD.1,199953368,508
5380e17a0c8a670e,armourylevel2_votiveraiment_01.ao,Tiny.VD.1,199954384,442
49a585ba0349eabf,armourylevel2_anchoritegarb_01.ao,Tiny.V0.1,201845338,442
500d7d9c6770c407,armourylevel2_cuirass_01.ao,Tiny.VE.1,198749125,430
9f6f9a288da4220f,armourylevel2_scalemail_01.ao,Tiny.V2.1,202173383,434
94e540c5b75c176f,armourylevel2_serpentscalecoat_01.ao,Tiny.V1.1,198074089,448
0fd22bf4bfd01ab4,armourylevel3_tetzlapokalsdesire_01.ao,Tiny.VF.1,197574415,452
670fedbc67d32729,armourylevel3_briskwrap_01.ao,Tiny.VB.1,199619708,434
5a62ac8aeb1c5746,armourylevel3_soulmantle_01.ao,Tiny.V7.1,197752158,436
5a3215f4a542979d,armourylevel3_doryanisprototype_01.ao,Tiny.V2.1,202173817,450
0174ae2e804984af,armourylevel3_redflareconduit_01.ao,Tiny.V6.1,199113109,446
c2b8cd21086f6770,armourylevel3_quatlsmolt_01.ao,Tiny.V8.1,201088693,436
dad89a71aaae7198,armourylevel3_greedsembrace_01.ao,Tiny.V4.1,199828177,442
6ea7a04165731378,armourylevel3_greedsembrace_02.ao,Tiny.V0.1,201845780,442
0f64de01ae10c18e,armourylevel3_weaponrack03_01.ao,Tiny.V1.1,198075553,500
3f8efe80a02220a1,armourylevel3_weaponrack02_04.ao,Tiny.V0.1,201846962,740
6d9a7d7c76b23db3,armourylevel3_weaponrack02_01.ao,Tiny.V7.1,197752594,740
5da71c3a206e706a,armourylevel3_weaponrack02_03.ao,Tiny.V0.1,201846222,740
cf34a97d26be74eb,armourylevel3_weaponrack02_02.ao,Tiny.VA.1,201061972,740
a3f4cd81a2eb10bb,armourylevel3_weaponrack01disarray_01.ao,Tiny.V6.1,199113555,516
74d20c1dde9e1549,armourylevel3_weaponrack01disarray_03.ao,Tiny.V1.1,198075037,516
89868255bd38fd90,armourylevel3_weaponrack01_02.ao,Tiny.V3.1,201247703,500
c6945c737f2fbc4e,armourylevel3_weaponrack01_01.ao,Tiny.V2.1,202174267,500
6c9a00bbac1641e2,armourylevel3_weaponrack01_03.ao,Tiny.V1.1,198074537,500
41c3078f3d1b7e94,armourywoodenpole_01.ao,Tiny.VA.1,201062712,334
956174680b2c653f,armourywoodensword_01.ao,Tiny.VC.1,204656233,336
5458756c15a94778,armourywoodensword_05.ao,Tiny.VF.1,197574867,336
852596a4436375d6,armourywoodensword_03.ao,Tiny.V0.1,201847702,336
ff6b0a578ef83ef7,armourywoodensword_02.ao,Tiny.V1.1,198077309,336
f8a2033bb4c32be2,armourywoodensword_04.ao,Tiny.V1.1,198077645,336
3aab6c5131c851ee,armourywingchun_02.ao,Tiny.V4.1,199828619,938
306ac277842f6c7c,armourywingchun_01.ao,Tiny.V1.1,198076053,1256
