hash,file,bundle,offset,size
e2427b8544542bdf,flap.trl,Tiny_9,102571242,2602
12b4a9d1b2aa6049,shadow.pet,Tiny_9,102621906,5636
1bf93122e52e9ac6,hole_fade.pet,Tiny_9,102605112,13076
12041bb277a69898,hole_fade_circ.pet,Tiny_9,102618188,3718
dbc81510830c6485,hole.ao,Tiny_9,102573844,4142
52baabe3e45a5e3f,hole.pet,Tiny_9,102577986,27126
9da2666a50f852a1,beam.pet,Tiny_9,102530000,21790
3091da6ae22c6a47,beam_buildup.pet,Tiny_9,102551790,13698
b6b10adf1d1c6800,beam_grd.pet,Tiny_9,102565488,5754
46901c73a225bebf,balls_buildup.pet,Tiny_9,102489252,18114
6811395e3abf3963,balls_pop.pet,Tiny_9,102507366,22634
