hash,file,bundle,offset,size
14cb46c61bc00510,buff.epk,Tiny.V8.1,29459504,214
1d3426b8c41444ed,aoe.ao,Tiny.V2.1,30984678,298
d0b8558a8b0cd826,aoe.aoc,Tiny.V2.1,30984976,3248
7bd9d02ea286795c,withersurge.ao,Tiny.V8.1,29459718,322
05a22b5e842da5a5,withersurge.aoc,Tiny.VC.1,31757534,2356
2d0e92b4aefbe3e0,hinder.epk,Tiny.V6.1,30630552,190
fc82cb982705dd40,hinder.ao,Tiny.V4.1,28482454,322
808d4ad92d5ae557,hinder.aoc,Tiny.VE.1,30665108,1622
