hash,file,bundle,offset,size
,2dart_3,,,935140
,2dart_2,,,2473060
,2dart,,,2473060
,2dart_1,,,2473060
