hash,file,bundle,offset,size
a057dc3997831238,rcuffheld.ao,Tiny.VE.1,174785500,1292
