hash,file,bundle,offset,size
35cefadab14c9f35,onact.ao,Tiny_D,326609166,4116
