hash,file,bundle,offset,size
097f06aa4486786a,debuff.amd,Tiny.VA,37549361,96
990edb6587a76342,debuff.ast,Tiny.VA,37549457,409
