hash,file,bundle,offset,size
e7f09e2516e27762,jingweiclaws.ao,Tiny_E,32191937,2096
3de5c80369e956a7,jingweidagger.ao,Tiny_E,32194033,330
544bf9f34c8295ba,jingweiwand.ao,Tiny_E,32195023,326
8828aa2319e79eda,jingweiscepter.ao,Tiny_E,32194363,332
3febc5cf9bf56551,jingweistaff.ao,Tiny_E,32194695,328
44740c07851b48a9,jingwei2haxe.ao,Tiny_E,32190947,328
5aa35e5cc9673212,jingwei2hmace.ao,Tiny_E,32191275,330
0bb9c335daa29e5c,jingwei2hsword.ao,Tiny_E,32191605,332
cca9948412c8ef14,jingwei1haxe.ao,Tiny_E,32190287,328
86dc6a938dfb22d2,jingwei1hsword.ao,Tiny_E,32190615,332
