hash,file,bundle,offset,size
b4cac2f693ead436,cyl.pet,Tiny.VC.1,29544300,46224
e4e80619fbcd2173,cyl_big.pet,Tiny.V0.1,30253580,8274
