hash,file,bundle,offset,size
,C71C7BB6047C4F89.voidbattery.ao,,,1858805
