hash,file,bundle,offset,size
69a86888deb3da77,projectile_charged.ao,Tiny.VF.1,81834756,8030
6e61f0470ddae776,projectile.ao,Tiny.V1.1,84010590,8542
