hash,file,bundle,offset,size
d76652f70675cd5c,arena_ground.gt,Tiny.V9.1,204016323,46
b7064331b0996482,entrance_ground.gt,Tiny.VC.1,207074513,52
a5c1b1356c8ee9a4,sky_fill.gt,Tiny.VB.1,201912489,38
b34062afc235f2b8,sky_fill_01.tdt,Tiny.VB.1,201912527,339
9af959d98990ce12,mothersoulsocket_01.ao,Tiny.V4.1,202124284,7582
0f0e74631b1a3477,mothersoulsocket_02.ao,Tiny.V1.1,200514777,2116
0522c66193dfd54c,male_statue_02.ao,Tiny.V0.1,204158267,314
9e02ab25465a7d69,male_statue_03.ao,Tiny.VB.1,201912175,314
590dd30fff8d7356,male_statue_01.ao,Tiny.V2.1,204931751,314
1173e29c9e9ce9b6,precursoregg_combinerdevice_01.ao,Tiny.V5.1,200549158,6772
dd23efbe0992a617,precursor_combinator_01.tdt,Tiny.VD.1,202437242,47012
323bd572c15a5ec3,precursor_combinator_01.tmd,Tiny.V2.1,204932065,384
668efd093a2af893,divinityturret.ao,Tiny.V1.1,200507005,7772
b721ccbb9b494228,divinityseed_towndevice_01.ao,Tiny.VC.1,207071459,3054
ba956c4e2a57bf59,divinitycombinatordevice_01.ao,Tiny.VF.1,200093322,5452
c141e28bf0b38810,divinitybossroom_skybox_01.ao,Tiny.V1.1,200506667,338
a4426166e4ec5bca,divinity_bossroom.tdt,Tiny.VF.1,200053031,28063
3c1951bd1f0b5854,divinity_bossroom.tmd,Tiny.VC.1,207070133,1326
24cb922e47bb3dea,divinity_entrance_elevator_01.ao,Tiny.VF.1,200081094,12228
8e397ce50ae252ca,divinity_entrance.tdt,Tiny.VB.1,201837247,74928
23423fc2f1d51e4a,divinity_entrance.tmd,Tiny.V2.1,204931283,468
