hash,file,bundle,offset,size
6c265d279897dbbe,evasionflask.amd,Tiny_6,8406105,102
8e42353156be334e,evasionflask.ast,Tiny_1,87928160,402
