hash,file,bundle,offset,size
5288d97ef1ac1097,fissure_entrance_01.arm,Tiny.VD.1,203058092,930
ec425225550370fc,precursor_entrance_01.arm,Tiny.V3.1,204165269,968
a8139a907e1f70ae,vein_entrance_01.arm,Tiny.VE.1,201521612,924
9b801aea9975926d,volcano_entrance_01.arm,Tiny.V7.1,201146312,896
82682e2ad7d75887,sanctuary_entrance_01.arm,Tiny.V2.1,205579574,934
26236e8f7b41af77,siren_entrance_01.arm,Tiny.V6.1,201828982,896
247b38004a94e465,laboratory_entrance_01.arm,Tiny.VB.1,202282959,936
ea3fc0f8985a5621,lair_entrance_01.arm,Tiny.VD.1,203059930,894
4a5f675b0f74b246,kalguur_boss_entrance_01.arm,Tiny.VC.1,207484453,906
27b385ae4393ee62,kalguur_entrance_01.arm,Tiny.VD.1,203059022,908
d66a8efd13569436,catacomb_entrance_01.arm,Tiny.VA.1,203857032,934
3dc444355afc8720,cavern_entrance_01.arm,Tiny.V1.1,200857147,928
