hash,file,bundle,offset,size
8290599438de5853,circle.pet,Tiny.V1.1,188901604,2118
5c90a3ed08391696,fireball_explosion_smoke.pet,Tiny.V0.1,191219974,2652
13e796588c4c1667,fireball_explosion.pet,Tiny.V3.1,192614131,7112
