hash,file,bundle,offset,size
f0a170d52644cc02,sumparena.tdt,Tiny.VD.1,209405786,17877
