hash,file,bundle,offset,size
fabfe9ee377e7ac3,weaponmicromaxed.dds,Streaming/Folders/art/2dart/skillicons/hellscapepassives,605636,20884
c6f38efd87455280,weaponmicromaxed.dds.header,Tiny.V3,683892,2696
c6bf79aa78f937f0,weaponmicro.dds,Streaming/Folders/art/2dart/skillicons/hellscapepassives,584752,20884
7cf5edc3b7069d23,weaponmicro.dds.header,Tiny.V2,662140,2696
cb7d6b3535fe8830,upgradeexplicitmodifierbyonemaxed.dds,Streaming/Folders/art/2dart/skillicons/hellscapepassives,563868,20884
294d535bf236c75a,upgradeexplicitmodifierbyonemaxed.dds.header,Tiny.V6,713146,2696
7d211ee6b4a56a60,upgradeexplicitmodifierbyone.dds,Streaming/Folders/art/2dart/skillicons/hellscapepassives,542984,20884
872ef072d6d6d9d8,upgradeexplicitmodifierbyone.dds.header,Tiny.V8,671858,2696
3212f156811dfe9a,nonmapsslotmicromaxed.dds,Streaming/Folders/art/2dart/skillicons/hellscapepassives,522100,20884
050d4b667e7660d6,nonmapsslotmicromaxed.dds.header,Tiny.V2,659444,2696
9c13a5e20ae89344,nonmapsslotmicro.dds,Streaming/Folders/art/2dart/skillicons/hellscapepassives,501216,20884
f05561be325c8271,nonmapsslotmicro.dds.header,Tiny.V9,654772,2696
d8ada91a1d119c0f,microwaveuniqueitemsmaxed.dds,Streaming/Folders/art/2dart/skillicons/hellscapepassives,480332,20884
98968a2c9e7b8314,microwaveuniqueitemsmaxed.dds.header,Tiny.V7,630628,2696
51ae0c9c9adbe4e6,microwaveuniqueitems.dds,Streaming/Folders/art/2dart/skillicons/hellscapepassives,459448,20884
baf417409d19db42,microwaveuniqueitems.dds.header,Tiny.V4,737704,2696
404c32131eb723ee,mapsslotmicromaxed.dds,Streaming/Folders/art/2dart/skillicons/hellscapepassives,438564,20884
6a95cf0caabc23c1,mapsslotmicromaxed.dds.header,Tiny.V4,735008,2696
b38ca93197290169,mapsslotmicro.dds,Streaming/Folders/art/2dart/skillicons/hellscapepassives,417680,20884
72acb5cb5707efa6,mapsslotmicro.dds.header,Tiny.V2,656748,2696
66e7d9105c8d2b46,mapsmicromaxed.dds,Streaming/Folders/art/2dart/skillicons/hellscapepassives,396796,20884
7c2a38c4efd2d132,mapsmicromaxed.dds.header,Tiny.V3,681196,2696
c152edd71215c120,mapsmicro.dds,Streaming/Folders/art/2dart/skillicons/hellscapepassives,375912,20884
7d07184d1074434d,mapsmicro.dds.header,Tiny.V1,728044,2696
89e2432109d54842,linkadditionalslotmaxed.dds,Streaming/Folders/art/2dart/skillicons/hellscapepassives,355028,20884
452c1b91c295e492,linkadditionalslotmaxed.dds.header,Tiny.VE,745556,2696
dbc332733af2b62b,linkadditionalslot.dds,Streaming/Folders/art/2dart/skillicons/hellscapepassives,334144,20884
85955c8a6db31606,linkadditionalslot.dds.header,Tiny.V8,669162,2696
23893b7252730735,jewelleryandflaskmicromaxed.dds,Streaming/Folders/art/2dart/skillicons/hellscapepassives,313260,20884
a9b9e46ed05749c1,jewelleryandflaskmicromaxed.dds.header,Tiny.VC,647308,2696
1387c77836d084c4,jewelleryandflaskmicro.dds,Streaming/Folders/art/2dart/skillicons/hellscapepassives,292376,20884
1246e8a784291cd5,jewelleryandflaskmicro.dds.header,Tiny.V8,666466,2696
ba1b8bb10a0c0d03,generatehellscapeupsidemaxed.dds,Streaming/Folders/art/2dart/skillicons/hellscapepassives,271492,20884
6aae9431b11835e3,generatehellscapeupsidemaxed.dds.header,Tiny.VF,706768,2696
d0196a44da6abddc,generatehellscapeupside.dds,Streaming/Folders/art/2dart/skillicons/hellscapepassives,250608,20884
df296cce48a08e9b,generatehellscapeupside.dds.header,Tiny.V3,678500,2696
fb2d21a3061db3d2,generatehellscapedownsidemaxed.dds,Streaming/Folders/art/2dart/skillicons/hellscapepassives,229724,20884
3d47e7e89194e0eb,generatehellscapedownsidemaxed.dds.header,Tiny.VC,644612,2696
eebead2c41c94ac6,generatehellscapedownside.dds,Streaming/Folders/art/2dart/skillicons/hellscapepassives,208840,20884
615489694b199090,generatehellscapedownside.dds.header,Tiny.VF,704072,2696
de46a024f3f56be1,generateadditionalhellscapeupsidemaxed.dds,Streaming/Folders/art/2dart/skillicons/hellscapepassives,187956,20884
280a3555fb385a6a,generateadditionalhellscapeupsidemaxed.dds.header,Tiny.VA,702548,2696
79c946ab827ceb6a,generateadditionalhellscapeupside.dds,Streaming/Folders/art/2dart/skillicons/hellscapepassives,167072,20884
fe8519124fa06135,generateadditionalhellscapeupside.dds.header,Tiny.V7,627932,2696
bbd641f559130800,armourmicromaxed.dds,Streaming/Folders/art/2dart/skillicons/hellscapepassives,146188,20884
831f87f881939de3,armourmicromaxed.dds.header,Tiny.V7,625236,2696
364e56f05361eac3,armourmicro.dds,Streaming/Folders/art/2dart/skillicons/hellscapepassives,125304,20884
2487fbaf65901343,armourmicro.dds.header,Tiny.V7,622540,2696
210b11d9c715e21a,addexplicitmodifiermaxed.dds,Streaming/Folders/art/2dart/skillicons/hellscapepassives,104420,20884
36bf9114be02ac9c,addexplicitmodifiermaxed.dds.header,Tiny.V8,663770,2696
29840b9375a3c3da,addexplicitmodifier.dds,Streaming/Folders/art/2dart/skillicons/hellscapepassives,83536,20884
3845df737dbf52dc,addexplicitmodifier.dds.header,Tiny.V4,732312,2696
efbd188c5cb61952,addcorruptedimplicitmodifiermaxed.dds,Streaming/Folders/art/2dart/skillicons/hellscapepassives,62652,20884
abdb1a43157949cb,addcorruptedimplicitmodifiermaxed.dds.header,Tiny.VB,767538,2696
ef5be4f6cd0d15a3,addcorruptedimplicitmodifier.dds,Streaming/Folders/art/2dart/skillicons/hellscapepassives,41768,20884
5499bbdc03934eec,addcorruptedimplicitmodifier.dds.header,Tiny.V1,725348,2696
0b47e7cbc62cdb02,addadditionalslotmaxed.dds,Streaming/Folders/art/2dart/skillicons/hellscapepassives,20884,20884
67e1881e33ff8a7e,addadditionalslotmaxed.dds.header,Tiny.VA,699852,2696
6bb15267b15835a9,addadditionalslot.dds,Streaming/Folders/art/2dart/skillicons/hellscapepassives,0,20884
7d9a620b4f1455bd,addadditionalslot.dds.header,Tiny.VE,742860,2696
