hash,file,bundle,offset,size
89beec5caf2834b0,rig_83268684.smd,Tiny.V4,35109897,77
7833401d075ae467,rig_83268684.smd.header,Tiny.V9,35256891,448
c8f7ac84660b57e8,timepulse.sm,Tiny.V9,3666146,346
b1305610c62612ef,timepulse.amd,Tiny.VB,35280989,96
4794e69377b6a4a0,timepulse.ast,Tiny.VF,35240981,309
