hash,file,bundle,offset,size
c3432def52eca5d4,smoke_explode_arrive.ao,Tiny.V5.1,90233424,404
70a7bc64633b1851,smoke_explode_arrive.aoc,Tiny.VF.1,90624028,3800
f8de0a2828ae7eaf,smoke_explode.ao,Tiny.V6.1,91381212,406
4e1e40b89ba6ab02,smoke_explode.aoc,Tiny.VF.1,90620228,3800
b30596083c19eb45,combo_strike_right.ao,Tiny.V9.1,89480072,402
e93280042dfc5523,combo_strike_right.aoc,Tiny.V7.1,89494896,3630
c1a1448bd49d82d7,combo_strike_left.ao,Tiny.V8.1,87750436,400
8329872d6d67ef91,combo_strike_left.aoc,Tiny.V3.1,89136206,3628
ca8e9754a417d84a,combo_strike_main.ao,Tiny.VC.1,92797480,400
a9bdad0c0d5f1d60,combo_strike_main.aoc,Tiny.V3.1,89139834,6758
bde5b1c9aae7a620,chimera_lancestab.ao,Tiny.V5.1,90232580,412
b041d4e72905c260,chimera_lancestab.aoc,Tiny.V8.1,87745490,4946
