hash,file,bundle,offset,size
ece079fb8076a0a7,ccmm_01.tgt,Tiny.V8,30852220,3504
0a80bd618dbc0ad5,ccsw_01.tgt,Tiny.V3,30569114,1944
92a709c84747721d,ccss_01.tgt,Tiny.V2,30946009,2208
982cc5054884918f,ccsm_01.tgt,Tiny.VC,31216870,3632
5ff4ecf73fad1e93,ccww_01.tgt,Tiny.V5,30539077,3174
58e15ebba7ebd1e2,ccwm_01.tgt,Tiny.V1,30865416,2146
32e21092c48c4b1a,cvww_01.tgt,Tiny.VF,31188911,2044
19da920bb6a04aec,cvmw_01.tgt,Tiny.V4,31390103,3542
97a597b1b81660b8,cvmm_01.tgt,Tiny.V4,31387889,2214
6514307789d5713c,cvm_cvm_m_02.tgt,Tiny.V5,30542251,1714
efc7320b29d2f55c,cvsw_01.tgt,Tiny.V7,30849262,2044
397fd9425109c75a,cvss_01.tgt,Tiny.V9,31322091,2062
7e9ec4b45ba22158,cvsm_01.tgt,Tiny.V1,30867562,3650
4d423a400e5d889a,feature_cascade6.tgt,Content/data/balance/worldareas/g1_5.vworld,31210,8754
545ce11159ccad84,feature_cascade5.tgt,Content/data/balance/worldareas/g1_5.vworld,26756,4454
1bf1f0089dcb6890,feature_cascade4.tgt,Tiny.V7,30851306,3950
71218caba90cd9ae,feature_cascade3.tgt,Tiny.VF,31190955,3676
1c921c0f0913be6c,feature_cascade2.tgt,Content/data/balance/worldareas/mapwetlands.vworld,58058,4284
3964226d700d79d4,feature_cascade1.tgt,Content/data/balance/worldareas/mapwetlands.vworld,53740,4318
028c69568bc4856c,fill_01.tgt,Tiny.V6,30839559,412
56d5704a46cca529,fill_06.tgt,Tiny.V4,31393645,1644
afe58c714b69199c,fill_05.tgt,Tiny.V1,30871212,2480
d1f31dab2333956c,fill_04.tgt,Tiny.VA,31109363,992
b6c43020e4026495,fill_03.tgt,Tiny.V2,30948217,412
ef5d58c268a0d42a,fill_02.tgt,Tiny.VF,31194631,412
f6f624daf0408cf0,stww_01.tgt,Tiny.V1,30873692,1826
28b0a4799aeeb9e0,stmw_01.tgt,Tiny.VE,30689493,2222
97287a98629c73e8,stmm_01.tgt,Tiny.VB,31188540,2244
c2b12fe8db82a9e5,stm_stm_m_01.tgt,Tiny.VB,31186612,1928
f713d0c8199f6539,stsw_01.tgt,Tiny.V4,31395289,3660
7d64d69ba0d11d09,stss_01.tgt,Tiny.V2,30948629,2446
52cc5ac1c8ad5532,stsm_01.tgt,Tiny.V7,30855256,3500
4d6ea76409960865,shallow_to_wide_stmm_01.tgt,Tiny.V3,30572082,816
d9d51850a4bd66c7,shallow_to_wide_cvmm_01.tgt,Tiny.V3,30571058,1024
b28e1ea31580ec84,shallow_source_01_waterfall_fx.fmt,Tiny.VB,31186426,186
53edaf9cfced94ec,shallow_source_01_waterfall_fx.fmt.header,Tiny.VA,31110355,218
854a6eaa12d831ff,shallow_source_01.tmd,Tiny.VF,31195043,450
10b8cd809e4867b1,shallow_source_01.tgt,Content/data/balance/worldareas/mapwetlands.vworld,62342,10858
