hash,file,bundle,offset,size
a7bd78b5b96c9756,seraphhelmetstr_fa2aec49.smd,Art/Models/Items/Armours/Helmets/Microtransactions_34,1661224,24156
51ad2085110867b0,seraphhelmetstr_fa2aec49.smd.header,Tiny_2,45466577,368
7c2adc2d114660d2,seraphhelmetstrint_fd960306.smd,Art/Models/Items/Armours/Helmets/Microtransactions_34,1637068,24156
4ddfd46e78c5e232,seraphhelmetstrint_fd960306.smd.header,Tiny_2,45467683,368
3e70758a6c7eae8f,seraphhelmetstrdex_b95e1bac.smd,Art/Models/Items/Armours/Helmets/Microtransactions_34,1610048,27020
6cc75d5c262d8859,seraphhelmetstrdex_b95e1bac.smd.header,Tiny_2,45466945,368
c66dbdd685f3c473,seraphhelmetstrdexint_d69b0d71.smd,Art/Models/Items/Armours/Helmets/Microtransactions_34,1568670,41378
389be601e8410514,seraphhelmetstrdexint_d69b0d71.smd.header,Tiny_2,45467313,370
393aa11564a3dfe5,seraphhelmetint_79ceb385.smd,Art/Models/Items/Armours/Helmets/Microtransactions_34,1538572,30098
f7bcf28ae2c46269,seraphhelmetint_79ceb385.smd.header,Tiny_2,45466209,368
c41986ad47a1927e,seraphhelmetdex_e0a10852.smd,Art/Models/Items/Armours/Helmets/Microtransactions_34,1512592,25980
2037b36957331525,seraphhelmetdex_e0a10852.smd.header,Tiny_2,45465473,368
a5b6888ad14e84e7,seraphhelmetdexint_722547b8.smd,Art/Models/Items/Armours/Helmets/Microtransactions_34,1488436,24156
94f1769fd1c525cb,seraphhelmetdexint_722547b8.smd.header,Tiny_2,45465841,368
f244b538aaa7d199,seraphgoldenhelmetint.sm,Tiny_2,45443747,1124
5f5623315088bb1c,seraphgoldenhelmetstr.sm,Tiny_2,45444871,996
2aa09c0b114b12e9,seraphgoldenhelmetstrint.sm,Tiny_2,45448131,994
4731f11ce59f2c7e,seraphgoldenhelmetstrdex.sm,Tiny_2,45445867,1138
6d2382d59d914ca2,seraphgoldenhelmetstrdexint.sm,Tiny_2,45447005,1126
e85e61b7291fc507,seraphgoldenhelmetdex.sm,Tiny_2,45441651,1094
316177164e39732b,seraphgoldenhelmetdexint.sm,Tiny_2,45442745,1002
