hash,file,bundle,offset,size
8ce63ce9e713970c,gullmenaggroaudio.ao,Tiny.VD.1,182453483,1982
004a2403a8b262ec,gullmen.ot,Tiny.V6.1,181026361,568
c14add296efb4125,gullmen.ao,Tiny.V6.1,180971093,55268
62179a1106beefc4,gullmen.act,Tiny.VB.1,180864047,1750
