hash,file,bundle,offset,size
41060609ba418f76,drudgebedrockblasterrunemarked.ot,Tiny.VE.1,179292708,1408
712cc391489eb401,drudgebedrockblasterrunemarked.act,Tiny.VA.1,179630938,2102
03bb6cb38ae87112,drudgebedrockblasterrunemarked.ao,Tiny.V0.1,181147500,62804
