hash,file,bundle,offset,size
296cbaaab9df3fbc,elehit_arrow_light.ao,Tiny_9,182929730,5442
d0ea272360e1b207,elehit_arrow_light_ao_pass1.mat,Tiny_9,182935172,7946
