hash,file,bundle,offset,size
70d0bc819342da72,surge_pass01.mat,Tiny.VA.1,120346005,32276
c8457f8c37700c4c,surge_pass02.mat,Tiny.VE.1,120810554,36486
a67ee107ff451985,pixiedust_r.mat,Tiny.V6.1,119837957,26036
d7840aec9d034707,pixiedust_u.mat,Tiny.VD.1,121020748,21618
