hash,file,bundle,offset,size
1cfc53fbe1adf016,porc_marionettesceptreheld.ao,Tiny.VC.1,182055805,1768
f38f1c7ab3519237,marionettesceptreheld.ao,Tiny.V8.1,179461622,1208
