hash,file,bundle,offset,size
59712fa85cf03d13,pow_planet.mat,Tiny_1,57430867,5772
3eb71fc54d5bf94c,pow_planet_cap.mat,Tiny_1,57436639,6444
40e42edfdd04f6a1,fre_planet.mat,Tiny_1,57419135,4484
1d32dfe477f11ec1,fre_planet.mat_cap.mat,Tiny_1,57423619,7248
49cf35b269b9620c,end_planet.mat,Tiny_1,57404237,5926
c37685be2fa4a8ac,end_planet_cap.mat,Tiny_1,57410163,8972
