hash,file,bundle,offset,size
b5712d7909676da8,brightfallglovesint.ao,Tiny.V8.1,178556554,1182
1762bf3bf724fd93,brightfallglovesdex.ao,Tiny.V8.1,178555372,1182
8195136055a76e7a,brightfallglovesdexint.ao,Tiny.V9.1,178672530,1188
47a77af0550a845f,brightfallglovesstr.ao,Tiny.V0.1,177688802,1182
d4e4302832605322,brightfallglovesstrint.ao,Tiny.VB.1,177101511,1188
740ba7826d6957ce,brightfallglovesstrdex.ao,Tiny.VB.1,177100323,1188
