hash,file,bundle,offset,size
89f59e0abe920da9,greatsnakeskeletonboss.ao,Tiny.V6.1,179841029,1099052
4fd53f7e959507ef,skeletonsnakebossmap.ot,Tiny.V0.1,181888058,3142
98e933d676f7e52c,skeletonsnakebossstandalone.ot,Tiny.V1.1,180841940,4696
df3f14fa09814893,skeletonsnakeboss.ot,Tiny.V8.1,183905798,3232
07de95e5be593401,skeletonsnakeboss.act,Tiny.VC.1,185816289,4496
