hash,file,bundle,offset,size
d2282041435f3f7e,doodads.ddt,Tiny_E,356093287,226
7d71bc5e7540e25b,generate.rs,Tiny_E,356093513,3396
52fe207b092a01da,random_fill_tiles.gft,Tiny_41,7255135,1180
7116df4254870090,tiles.tst,Tiny_E,356104245,31816
7faa0467154705b0,master.tsi,Tiny_E,356100563,884
46a6b0e8d3f9d437,materials.mtd,Tiny_11,69725571,1756
507cb45a13d255f0,chests.cht,Tiny_11,43760447,188
01a908f1923bcae9,combination.ecf,Tiny_11,69722235,1878
