hash,file,bundle,offset,size
da6e5d4d33c6d1a7,impact.ao,Tiny.V5.1,114410640,2700
64c7cbe900581c47,burst_incense.ao,Tiny.VA.1,114098745,5936
768214b22a439634,attack_slam.ao,Tiny.V0.1,113573056,2478
6f4e67fa49ed0fe3,projectile.ao,Tiny.VB.1,114650095,4850
