hash,file,bundle,offset,size
392635e3d3c22027,open_fill_01.arm,Tiny.V2.1,153707657,2078
ba034487c66855ad,open_fill_02.arm,Tiny.VE.1,150080487,1358
ef7706a97d5a8828,open_fill_03.arm,Tiny.VB.1,151467685,1978
771e7281e14c9728,open_fill_04.arm,Tiny.V0.1,156792907,1542
f5b75de3d3e8e52b,open_fill_05.arm,Tiny.V9.1,148749918,1638
5034a0fdce6c226c,open_fill_06.arm,Tiny.V8.1,149158101,2214
26c71f804abd1b51,open_fill_07.arm,Tiny.VF.1,153408610,2498
97c84ad265a4012b,open_fill_08.arm,Tiny.VE.1,150081845,1832
813b737c317349f0,open_fill_09.arm,Tiny.VA.1,151596528,2022
