hash,file,bundle,offset,size
fdd0bb5cde51e6c9,marp_baseroofsc.mat,Tiny.VC,28576362,1896
