hash,file,bundle,offset,size
05d1700733efc30f,backstagethinwall_st_01.tdt,Tiny_11,57625069,475
a8f2d765ce83b51b,backstagethinwall_st_02.tdt,Tiny_11,57625544,475
