hash,file,bundle,offset,size
d22bed3ea110f8e4,boilinglakes.ao,Tiny_E,224462235,24634
