hash,file,bundle,offset,size
032f96592228d77c,teleport_appear.ao,Tiny_D,117963096,9340
48c6cdabd1d28a19,teleport_disappear.ao,Tiny_D,117972436,6920
c2173b994ee177a6,teleport_slam.ao,Tiny_D,117979356,4284
