hash,file,bundle,offset,size
761ecc8cc72e4340,circle_second.pet,Tiny.VE.1,193356288,1938
1fbd07ee77af3fe2,cyl_second.pet,Tiny.VA.1,195762346,10032
