hash,file,bundle,offset,size
6b7d7053d3bc5da0,sacrificepillar02.ao,Tiny.VF.1,146946122,252
bbe28ed9ce2de807,sacrificepillar02.aoc,Tiny.V2.1,150059133,286
3091dfa8a6ed6c16,sacrificepillar03.ao,Tiny.VF.1,146946122,252
27a214fd5480ce63,sacrificepillar03.aoc,Tiny.V4.1,149986459,286
ea1072f6d3835bab,sacrificepillar01.ao,Tiny.VF.1,146946122,252
04c2f6236b8f03b4,sacrificepillar01.aoc,Tiny.V4.1,149986173,286
048ad32c379647a4,sacrificepillar04.ao,Tiny.VF.1,146946122,252
a5ba137800a9a3cc,sacrificepillar04.aoc,Tiny.V9.1,145362744,286
