hash,file,bundle,offset,size
c8a74212d90b8c12,invisible_ao.ao,Tiny_8,119375467,828
