hash,file,bundle,offset,size
5eb9ce0ae3329313,ledge_cc_01.tgm,Streaming/Content/data/worldareas/mapcrypt_noboss.vworld,7694513,16571
7692c1de16f85681,ledge_cc_01.tgm.header,Tiny.VE,32171680,424
9ed76152055dd497,ledge_cc_02.tgm,Streaming/Content/data/worldareas/mapcrypt_noboss.vworld,7711084,28665
5781527e702b45b3,ledge_cc_02.tgm.header,Tiny.V2,32624536,424
643e13f6aa6b6660,ledge_cc_stair_01.tgm,Streaming/Content/data/worldareas/mapcrypt_noboss.vworld,7739749,41597
476ee66c559787c6,ledge_cc_stair_01.tgm.header,Tiny.V2,32624960,424
68a488c07ddd8892,ledge_cc_thick_cv_01.tgm,Streaming/Content/data/worldareas/mapcrypt_noboss.vworld,7781346,172721
0a91807a702ef472,ledge_cc_thick_cv_01.tgm.header,Tiny.V2,32625384,882
5bf6f034bf0778f5,ledge_cc_thin_cc_01.tgm,Streaming/Content/data/worldareas/mapcrypt_noboss.vworld,7954067,207955
f816d6c1ae9abe17,ledge_cc_thin_cc_01.tgm.header,Tiny.V2,32626266,424
eb8e3995dd8c40a0,ledge_cc_thin_end_01.tgm,Streaming/Content/data/worldareas/mapcrypt_noboss.vworld,8162022,125445
e8515c939ade4181,ledge_cc_thin_end_01.tgm.header,Tiny.VD,32621017,424
2a747f561d862424,ledge_cv_01.tgm,Streaming/Content/data/worldareas/mapcrypt_noboss.vworld,8287467,22899
3b6fdd06726aa1e4,ledge_cv_01.tgm.header,Tiny.VF,32668293,424
cb17303df3a140ee,ledge_cv_02.tgm,Streaming/Content/data/worldareas/mapcrypt_noboss.vworld,8310366,30433
23fc48d38e26baf7,ledge_cv_02.tgm.header,Tiny.VB,32690193,424
86d911f37408482f,ledge_cv_stair_01.tgm,Streaming/Content/data/worldareas/mapcrypt_noboss.vworld,8340799,50867
861527aabef4247e,ledge_cv_stair_01.tgm.header,Tiny.VE,32172104,424
84dd1826c04db911,ledge_cv_thin_cc_01.tgm,Streaming/Content/data/worldareas/mapcrypt_noboss.vworld,8391666,340601
f47f10bacfc2d480,ledge_cv_thin_cc_01.tgm.header,Tiny.VF,32668717,486
5df5a8eb2fafbad7,ledge_cv_thin_end_01.tgm,Streaming/Content/data/worldareas/mapcrypt_noboss.vworld,8732267,230001
d612aba521e7f3c9,ledge_cv_thin_end_01.tgm.header,Tiny.V5,32057253,486
d61d474dfb9b1e99,ledge_st_01.tgm,Streaming/Content/data/worldareas/mapcrypt_noboss.vworld,8962268,6093
62e3fcb027695a9e,ledge_st_01.tgm.header,Tiny.V3,32066049,424
e95e31a919746410,ledge_st_02.tgm,Streaming/Content/data/worldareas/mapcrypt_noboss.vworld,8968361,19263
fa83f274ded539fd,ledge_st_02.tgm.header,Tiny.V3,32066473,424
a9e496b72d72bd7e,ledge_st_03.tgm,Streaming/Content/data/worldareas/mapcrypt_noboss.vworld,8987624,29379
6aeedf2df0f4b10a,ledge_st_03.tgm.header,Tiny.V5,32057739,424
1d8d7d7c514b9df8,ledge_st_stair_01.tgm,Streaming/Content/data/worldareas/mapcrypt_noboss.vworld,9017003,51215
df2730ccdd46e980,ledge_st_stair_01.tgm.header,Tiny.V9,32887068,424
05ec00ff8f1201c8,ledge_st_thick_cv_01.tgm,Streaming/Content/data/worldareas/mapcrypt_noboss.vworld,9068218,177389
e65012ff3565fce1,ledge_st_thick_cv_01.tgm.header,Tiny.V7,32483293,926
475c7208b1bb3252,ledge_st_thick_cv_02.tgm,Streaming/Content/data/worldareas/mapcrypt_noboss.vworld,9245607,212515
83809d1a5f1eb2eb,ledge_st_thick_cv_02.tgm.header,Tiny.V5,32058163,926
7b08f035d208833c,ledge_st_thick_cv_thin_st_01.tgm,Streaming/Content/data/worldareas/mapcrypt_noboss.vworld,9458122,336247
4b15654ee11af47b,ledge_st_thick_cv_thin_st_01.tgm.header,Tiny.V1,32448889,1718
41daa97b570d89e1,ledge_st_thick_st_01.tgm,Streaming/Content/data/worldareas/mapcrypt_noboss.vworld,9794369,138025
5fc292a99948331c,ledge_st_thick_st_01.tgm.header,Tiny.VD,32621441,970
3e5f56748a1eed3f,ledge_st_thin_end_01.tgm,Streaming/Content/data/worldareas/mapcrypt_noboss.vworld,9932394,164837
5af5c6080894f507,ledge_st_thin_end_01.tgm.header,Tiny.VF,32669203,424
ea8c342c39a8781e,ledge_st_thin_end_02.tgm,Streaming/Content/data/worldareas/mapcrypt_noboss.vworld,10097231,219293
3840b0ad01693666,ledge_st_thin_end_02.tgm.header,Tiny.V8,32334781,442
a175aaefdfd90d90,ledge_st_thin_st_01.tgm,Streaming/Content/data/worldareas/mapcrypt_noboss.vworld,10316524,294321
0c39e1289b2734bb,ledge_st_thin_st_01.tgm.header,Tiny.V3,32066897,442
