hash,file,bundle,offset,size
fa64f0f3f2574ab4,b_base_grd_01.mat,Tiny_D,293024286,38608
432e9e41bd1c2d69,bloodfeverblistersc.mat,Tiny_D,293062894,14836
a1c28476a4a0e473,bloodsuckerpoppedc.mat,Tiny_D,293077730,15326
