hash,file,bundle,offset,size
d28c0e4a39097d04,rustedskeleton.ao,Tiny.V6.1,185174251,67296
