hash,file,bundle,offset,size
63a6b0e4bb9e031c,hideout_monolitharenascatterer.ao,Tiny.V1.1,208147518,1252
e3aa7679df9bdbfb,hideout_monolithscatterer.ao,Tiny.V0.1,211801833,1240
