hash,file,bundle,offset,size
eaafc40cb2df5f3e,marker.ao,Tiny.V9.1,51021482,362
d87ffa0c3a67e1c7,marker.aoc,Tiny.V8.1,49819594,1884
99dd74d5e2fc460b,explosion.ao,Tiny.VD.1,47078966,384
d6bceb551368eb3d,explosion.aoc,Tiny.VE.1,52740748,3326
