hash,file,bundle,offset,size
bd66c360a115c029,bubble.pet,Tiny_11,23139732,14188
34c573e3e6a11407,grd.pet,Tiny_11,23153920,4098
