hash,file,bundle,offset,size
fa06e3b79c17be5e,grdzone_sacred.ao,Tiny.VF.1,68210870,490
