hash,file,bundle,offset,size
50f677762f79c33f,necrolordautomatonbootsdexint.ao,Tiny.V7.1,125999875,196
2be55111571bdb11,necrolordautomatonbootsdexint.aoc,Tiny.V8.1,122788374,952
fb6527b432c8e315,necrolordautomatonbootsdex.ao,Tiny.VC.1,129019014,214
16f92ee928244833,necrolordautomatonbootsdex.aoc,Tiny.VA.1,125181376,1220
507c771e56052a62,necrolordautomatonbootsint.ao,Tiny.V7.1,125999875,196
d17eebf107a98c79,necrolordautomatonbootsint.aoc,Tiny.V0.1,128958622,960
2260eb389a6a39b9,necrolordautomatonbootsstrdex.ao,Tiny.V7.1,125999875,196
6b612edde3eac2a1,necrolordautomatonbootsstrdex.aoc,Tiny.VA.1,125182596,952
23556be51324c0ec,necrolordautomatonbootsstr.ao,Tiny.V7.1,125999875,196
55d89e98ac9a2a7c,necrolordautomatonbootsstr.aoc,Tiny.V5.1,123849094,948
c6da3158fa15c367,necrolordautomatonbootsstrint.ao,Tiny.V7.1,125999875,196
9bef57bd52d812c0,necrolordautomatonbootsstrint.aoc,Tiny.VA.1,125183548,952
