hash,file,bundle,offset,size
,hallowedlibrarymapdevice.ao,,,4856497
,hallowedlibrarymapdevice.ao.1,,,2796552
,hallowedlibrarymapdevice.ao.2,,,3495764
,hallowedlibrarymapdevice.ao.3,,,2622112
,hallowedlibrarymapdevice.ao.4,,,2796552
,hallowedlibrarymapdevice.ao.5,,,3495764
,hallowedlibrarymapdevice.ao.6,,,2971476
,hallowedlibrarymapdevice.ao.7,,,5592580
,hallowedlibrarymapdevice.ao.8,,,7690116
,hallowedlibrarymapdevice.ao.9,,,5592580
,hallowedlibrarymapdevice.ao.A,,,2796364
,hallowedlibrarymapdevice.ao.B,,,5592580
,hallowedlibrarymapdevice.ao.C,,,5592580
,hallowedlibrarymapdevice.ao.D,,,5592580
,mapdevicebutton.ot,,,1685306
