hash,file,bundle,offset,size
19b8dce332b40451,sleeveslintheld.ao,Tiny.VF.1,125582936,342
7bcb73af7afd585d,sleeveslintheld.aoc,Tiny.V0.1,128155946,1712
c30462d0619bed59,sleevesldexintheld.ao,Tiny.VF.1,125582936,342
f68b4dd7dceafa40,sleevesldexintheld.aoc,Tiny.VD.1,121295797,1718
a9a57af7035bd637,sleevesldexheld.ao,Tiny.VF.1,125582936,342
af5c839893a49f37,sleevesldexheld.aoc,Tiny.V0.1,128154234,1712
66f4f9460ba9ea48,sleeveslstrintheld.ao,Tiny.VF.1,125582936,342
7b420cba74b80d9b,sleeveslstrintheld.aoc,Tiny.V8.1,121903546,1718
b3eecf39fa1e26aa,sleeveslstrdexheld.ao,Tiny.VF.1,125582936,342
38c13975dffe4ea8,sleeveslstrdexheld.aoc,Tiny.V5.1,122951430,1718
315bb88dc3954643,sleeveslstrheld.ao,Tiny.VF.1,125582936,342
5d4ffc121dcb76fa,sleeveslstrheld.aoc,Tiny.VC.1,128177968,1712
