hash,file,bundle,offset,size
6a47d4bbc3e12a9b,cultofapocalypsesetbootsint.ao,Tiny.VC.1,180731993,536
6090f251a5897db0,cultofapocalypsesetbootsdex.ao,Tiny.V9.1,178195024,536
381c3008b5b6e205,cultofapocalypsesetbootsdexint.ao,Tiny.V7.1,174432997,542
91162918e125bfd0,cultofapocalypsesetbootsstr.ao,Tiny.VC.1,180732529,536
cf6107e3c1cb765c,cultofapocalypsesetbootsstrdex.ao,Tiny.VC.1,180733065,542
3c53a61e13d8606a,cultofapocalypsesetbootsstrint.ao,Tiny.V7.1,174433539,542
