hash,file,bundle,offset,size
3148ed73f8d08913,ice_small_render.mat,Tiny_6,56208046,7956
edd5bc474c3ddcea,ice_small_update.mat,Tiny_6,56216002,2644
b3159bd375a58c06,ice_main_render.mat,Tiny_6,56199770,7774
9e56db052b392d8f,ice_main_update.mat,Tiny_6,56207544,502
