hash,file,bundle,offset,size
e1a02d9b4f40f264,dust_land.pet,Tiny.V8.1,193542738,5162
71f77f4eb45b4589,rumble.pet,Tiny.VD.1,192637519,2498
7bbb38e589cf7e8f,impact_grd.pet,Tiny.V0.1,193512102,2808
8bf14bb1cfd6e843,ipct.pet,Tiny.V1.1,191346188,2530
