hash,file,bundle,offset,size
f3e0f0dbcd86be41,elderdarkseerltasselheld.ao,Tiny.V4.1,128395208,424
221d9fe5d0d6e47f,elderdarkseerltasselheld.aoc,Tiny.V5.1,123228312,1862
cd5e76a525153b7f,elderdarkseerrtasselheld.ao,Tiny.V7.1,125433861,424
3aba717d4cd2b9b6,elderdarkseerrtasselheld.aoc,Tiny.VC.1,128448898,1862
3a6a516b554fee2a,elderdarkseerrobeheld.ao,Tiny.VF.1,125829192,410
dc53468bcae532b7,elderdarkseerrobeheld.aoc,Tiny.V6.1,124735364,5720
