hash,file,bundle,offset,size
23a04a9fe3dfb8b2,bolt.pet,Tiny.V6.1,8630438,45724
