hash,file,bundle,offset,size
4421495bf9f71586,appear_midline.pet,Tiny.V4.1,190568548,10624
56b80837cd13401d,appear_cyl.pet,Tiny.V7.1,189130959,2300
8d8cd7f6e8ed1313,disappear_midline.pet,Tiny.V7.1,189133259,10626
e61dbfd26f0cb578,disappear_cyl.pet,Tiny.VB.1,190366061,2326
