hash,file,bundle,offset,size
61438c95802742a7,spicesackmedium04e.ao,Tiny.VE.1,198033919,318
098422f8602b3e8a,spicesacklarge02e.ao,Tiny.V2.1,201355013,316
7a661ebbe7d890fa,spicesacklarge01e.ao,Tiny.V2.1,201354697,316
