hash,file,bundle,offset,size
74c86809743639bf,twillighttiaraattachmentintheld.ao,Tiny.V5.1,125087218,416
12234dafcb35b686,twillighttiaraattachmentintheld.aoc,Tiny.VC.1,129429618,1358
06c71521945bab13,twillighttiaraattachmentstrintheld.ao,Tiny.V5.1,125087218,416
a4061317a3b2dc6a,twillighttiaraattachmentstrintheld.aoc,Tiny.V1.1,124269610,1366
3b67341c71068925,twillighttiaraattachmentdexheld.ao,Tiny.V5.1,125087218,416
7fb210aaf388747b,twillighttiaraattachmentdexheld.aoc,Tiny.V3.1,126864170,1354
