hash,file,bundle,offset,size
c5cb86783bdc8efd,fwdline.pet,Tiny.V2.1,165141776,51184
