hash,file,bundle,offset,size
6c3bac4310609ced,morayclanrobe.ao,Tiny.V2.1,184534182,994
