hash,file,bundle,offset,size
e3c77906f4fed785,bestiarymodcombofireballsmall.ao,Tiny.V3.1,85618036,316
8a3ec4bd993b44b2,bestiarymodcombofireballsmall.aoc,Tiny.V0.1,89820736,4084
e5662cb3d3bfe5e9,abberathenragedhoof.ao,Tiny.VB.1,86382610,418
d6aa1b999ef52326,abberathenragedhoof.aoc,Tiny.V9.1,85897172,3216
7473d2140fb25e7c,combofireballsmall.ao,Tiny.V3.1,85618036,316
c1ab89d530d66d5b,combofireballsmall.aoc,Tiny.V8.1,84035376,3296
13df6b2f51efc47c,combofireballbig.ao,Tiny.V6.1,88610694,312
949122aaf83967ff,combofireballbig.aoc,Tiny.V9.1,85900388,3752
f13fa6b77f336f24,cliffbomb_03.ao,Tiny.V5.1,86817506,396
6ac950559c341916,cliffbomb_03.aoc,Tiny.V1.1,85900238,6830
1ba2b603b5928b78,cliffbomb_02.ao,Tiny.V5.1,86817110,396
fa340f36faa4cad9,cliffbomb_02.aoc,Tiny.V1.1,85892880,7358
388eb8c33f06d07c,cliffbomb_01.ao,Tiny.VD.1,84024446,396
ffae41d58f7052a2,cliffbomb_01.aoc,Tiny.V6.1,88603716,6978
07a452117beca0bf,cliffbomb_04.ao,Tiny.VE.1,88069712,396
fd2ff4d1ef76537d,cliffbomb_04.aoc,Tiny.V4.1,90072356,6858
