hash,file,bundle,offset,size
6501bdf09dd138de,throwspawn.ao,Tiny.VB.1,144102547,2198
16a66a51d5ed435a,spawn_trail.trl,Tiny.V0.1,141982172,1554
