hash,file,bundle,offset,size
be51e2a686b5b331,fire_burst.pet,Tiny.VB.1,11798951,14896
23ef20e4a461c741,hair.pet,Tiny.VF.1,13418606,24582
9e097d61636cf90f,knee_l.pet,Tiny.V5.1,12932254,30782
e1d71630d94c3fa4,knee_r.pet,Tiny.VF.1,13443188,30788
ebebf0cdba87363a,arm_l.pet,Tiny.VC.1,15133713,30754
23c6cb043937e3c1,arm_r.pet,Tiny.V6.1,12657677,30760
