hash,file,bundle,offset,size
32220f3139c19858,firecircle.pet,Tiny.V9.1,55484369,82
e4a1f06769547a19,coldcircle.pet,Tiny.V4.1,191890502,4952
9e6006c28a557954,childtrail_01lightning.trl,Tiny.V4.1,191877756,12746
fd8376f96f748abc,childtrail_01fire.trl,Tiny.V1.1,190884620,5434
528e26603384181f,childtrail_01cold.trl,Tiny.V8.1,193179728,9144
52124602b4adf04f,charge_01cold.trl,Tiny.V8.1,193160602,6386
b029ac83f22fe76a,charge_01lightning.trl,Tiny.V8.1,193166988,12740
db1629137120dee1,ptemit.pet,Tiny.V0.1,193086488,66332
012bbcf812d1e71b,ptemitfire.pet,Tiny.V4.1,191905674,43470
22b042a6a907a216,ptemitcold.pet,Tiny.VA.1,193127737,30172
3af965286137f23c,ptemitlightning.pet,Tiny.V7.1,190179077,67518
01acb05e535d6338,parenttrail_01lightning.trl,Tiny.V8.1,193166988,12740
2fa77c7a4bc6ec76,parenttrail_01cold.trl,Tiny.V0.1,193073582,12906
673ba7ad68835e2b,parenttrail_01fire.trl,Tiny.V4.1,191895454,10220
