hash,file,bundle,offset,size
322898641ed05b01,loop_smoke_box.pet,Tiny.V5.1,196361580,6074
af4b46cbb41df20e,loop_spitline_sml.pet,Tiny.VF.1,195651591,5036
3719a89b20a40d3b,loop_spitline.pet,Tiny.V5.1,196367654,5036
00477ba0a34fbbb3,loop_fireup.pet,Tiny.VF.1,195623439,16828
9d31b242b117e270,loop_fireup_cyl.pet,Tiny.VE.1,197453577,17200
ff2bbcdcd80acee3,loop_fireup_cyl_02.pet,Tiny.VF.1,195640267,11324
e7d3435ba2d03378,loop_fireup_noflames_02.pet,Tiny.V4.1,198508029,15294
e8947e379c302036,loop_fireup_noflames.pet,Tiny.V7.1,196300126,17264
