hash,file,bundle,offset,size
600df3535a92258c,blood_loop.pet,Tiny.V6.1,137982670,10184
891762510efb00ae,blood_explode.pet,Tiny.V9.1,135245414,10104
1e0bb1b58178a82c,blood_buildup.pet,Tiny.VA.1,137737130,4124
