hash,file,bundle,offset,size
0f0f84eeee04be22,trigger.amd,Tiny.VD,35996182,102
799ad09ab2e416c2,trigger.ast,Tiny.V9,36246658,338
cdbb49567a8f3183,surge.amd,Tiny.VC,36113896,96
c8f510804a1a52dc,surge.ast,Tiny.V4,36039972,665
