hash,file,bundle,offset,size
d63cc013a9cf9867,leapslamharlequin_fistofwar.ao,Tiny.VA.1,37685303,3690
f0af6ad3eda85092,leapslamharlequin.ao,Tiny.V7.1,35656618,3652
6d5dfed957648bea,up_fist.pet,Tiny.V1.1,37661392,42722
c3ca52235a8d5af1,up.pet,Tiny.V4.1,37008724,38486
85e7e9bcb94ffe3f,circ.pet,Tiny.V0.1,37120526,19256
e950a48dd0e9db9b,circ_fist.pet,Tiny.V7.1,35636326,20292
