hash,file,bundle,offset,size
7b77b3a9a7cc89ee,doedrecauldronvalve.ot,Tiny_E,4027774,2474
04762384bde8f2de,doedre_cauldronvalve.ao,Tiny_E,4024928,1036
8ad141448369045e,doedre_irisdoor.ao,Tiny_E,4025964,1810
12f5fd45c0542206,doedreunholyambush.act,Tiny_E,4109292,1568
322697f2020883ca,doedreunholyambush.ot,Tiny_E,4110860,1916
fa74726db3032953,doedresewerdeath.ot,Tiny_E,4048912,2002
cb14ed22c9baff51,doedresewerfacedoor.ot,Tiny_E,4050914,1150
9834a7eb31b66892,doedresewerhead.ao,Tiny_E,4052064,1974
e4d154d97776a9f5,doedresewersoul.act,Tiny_E,4058122,1390
24083762ff9621b8,doedresewerstandalone.act,Tiny_E,4108164,1128
4418fec00f2938f3,doedresewerspipeliquidgreen.ot,Tiny_E,4106470,386
3662cb6ce6f694ca,doedresewerspipeliquidneutral.ot,Tiny_E,4106856,538
109d68c293b6672b,doedresewerspipeliquidpurple.ot,Tiny_E,4107394,388
b66954434215b858,doedresewerspipeliquidred.ot,Tiny_E,4107782,382
4431e04c0215170a,doedresewerspectral.ao,Tiny_E,4059512,17498
7ce738e92c62f1e8,doedresewerspectralstandalone.ao,Tiny_E,4089826,16644
9eadd4c4c02aac1d,doedresewerspectral_ao_pass0.mat,Tiny_E,4077010,4312
cf8619c85b8ec446,doedresewerspectral_ao_pass1.mat,Tiny_E,4081322,8504
aa9a7f64c831c1c5,doedresewerslever.ot,Tiny_E,4056074,1336
8ee62d00f4465336,doedresewersliquidbase.ot,Tiny_E,4057410,712
536d542025e4015a,doedresewerscauldron.ot,Tiny_E,4054038,430
f3ff2173ab6deec5,doedresewerscauldronliquidgreen.ot,Tiny_E,4054468,402
fd22bbf576ea05f1,doedresewerscauldronliquidneutral.ot,Tiny_E,4054870,402
73eca2645756fb41,doedresewerscauldronliquidpurple.ot,Tiny_E,4055272,404
b044033222b402e9,doedresewerscauldronliquidred.ot,Tiny_E,4055676,398
9d0bc72ccfb2dfb5,doedresewer.act,Tiny_E,4030248,1238
d59feb79078d2c5c,doedresewer.ao,Tiny_E,4031486,17426
