hash,file,bundle,offset,size
9bc4b18fe544acd6,male3.act,Tiny_E,177087107,798
5334c2e8c95cb23b,male3.ao,Tiny_E,177087905,26782
