hash,file,bundle,offset,size
d208bad4b6e2b09a,sanctumbossbase.ot,Tiny.V6.1,182739997,1102
