hash,file,bundle,offset,size
88b19d822defd9cc,fire_slam.amd,Tiny.V1,3663036,94
338083a71916ec57,fire_slam.ast,Tiny.V1,38162179,1019
