hash,file,bundle,offset,size
b2f89b657346a413,beam_blast_beamcyl.pet,Tiny.V5.1,153083320,3104
2df1ee8663e4c157,beam_blast_beamcore.pet,Tiny.VF.1,151121818,33088
41cd4dcf75ea8030,lightning_bolt_01.pet,Tiny.V3.1,155299359,11578
2926fa744386bc1c,lightning_bolt_target_impact.pet,Tiny.VA.1,153141544,22272
ad478236d34a233c,lightning_bolt_impact.pet,Tiny.V5.1,153086424,35344
