hash,file,bundle,offset,size
4a618574fea56f50,mistwings_fxc.fxgraph,Tiny.V3.1,1831078,272
