hash,file,bundle,offset,size
b36313ff6717ee4a,blackhole.ao,Tiny.V6.1,23604053,3476
