hash,file,bundle,offset,size
72c46e1acae483cb,foam_sprays_render.mat,Tiny.VE.1,1520488,18108
23b6a58f2d491bb8,foam_sprays_update.mat,Tiny.VF.1,2748274,12672
49b4ceea4bb67804,whitefoama_scroll_render.mat,Tiny.V0.1,2771366,27294
4ffc7bebc3c084eb,whitefoama_scroll_update.mat,Tiny.VB,54137651,12736
