hash,file,bundle,offset,size
8601d8168de5646a,totem_mortar_1ab2aec5.smd,Folders/art/models/effects/monster_effects/league_heist/thug,1782818,62430
23970b9bb62d9fb8,totem_mortar_1ab2aec5.smd.header,Tiny_2,4605787,368
27919ecabd7a300b,totemortar.sm,Tiny_2,4608180,578
fe055eb4094375e3,totemortar.amd,Tiny_7,52703456,94
39528a147ad35c8f,totemortar.ast,Tiny_2,4606155,2025
7556fb0ca688883f,chainshooter.sm,Tiny_2,4597820,592
781f2bba6c09c976,chain_mines_098b1b12.smd,Folders/art/models/effects/monster_effects/league_heist/thug,1385824,234594
a7c5d3c04ecf0a3e,chain_mines_098b1b12.smd.header,Tiny_2,4597452,368
d56cd15ce7feea3d,chain_mines.amd,Tiny_2,4595439,270
3a5aaa439a905ce0,chain_mines.ast,Tiny_2,4595709,1743
ac80e75d98549680,act_throwturret_31ae804c.smd,Folders/art/models/effects/monster_effects/league_heist/thug,1164940,124597
cfbf0d14022ab522,act_throwturret_31ae804c.smd.header,Tiny_2,4593899,368
1938cb8bfee1275a,act_throwturret.sm,Tiny_2,4593289,610
24f88082d42ba22e,act_throwturret.amd,Tiny_6,55235374,102
d8da8d609eb88c7f,act_throwturret.ast,Tiny_2,4590057,3232
cc66826681aec51f,act_throwstaticmine_ed7415ea.smd,Folders/art/models/effects/monster_effects/league_heist/thug,1100237,64703
718727c2ab6afb2f,act_throwstaticmine_ed7415ea.smd.header,Tiny_2,4589689,368
1e3ddd89864d6034,act_throwstaticmine.sm,Tiny_2,4589049,640
6fac8af25c70821d,act_throwstaticmine.amd,Tiny_7,56868727,102
546183f0e23531d6,act_throwstaticmine.ast,Tiny_2,4587542,1507
