hash,file,bundle,offset,size
561b646b0771162e,blade.pet,Tiny.VC.1,64949315,31028
3eac2a24f4abeb7a,dryad_epk.epk,Tiny.V7.1,60024452,752
be5ea23d978a1b3b,dryad_epk_epk_pass0.mat,Tiny.V6.1,63290701,10592
