hash,file,bundle,offset,size
c1e08417008d3182,rain_splash.ao,Tiny_8,126052276,3658
