hash,file,bundle,offset,size
30d6a0b45da3f664,impact.ao,Tiny.V7.1,154266216,2904
fa64d72d3e0319b9,target.ao,Tiny.V6.1,156616377,2848
943c512977386dde,projectilea.ao,Tiny.VE.1,154753744,10144
0431093bfa34c614,projectilec.ao,Tiny.VA.1,155644031,10146
e2c7cae480933eb1,projectileb.ao,Tiny.VE.1,154763888,10146
