hash,file,bundle,offset,size
948570eb20911839,firedefaultattack.amd,Tiny_2,11142435,100
ea3913ec3c3ae26b,firedefaultattack.ast,Tiny_2,11142535,2318
