hash,file,bundle,offset,size
,bloodmonkey.act,,,721263
