hash,file,bundle,offset,size
78047a1466462901,innocence_thinwall_door_candle_corner_v01_01.tgt,Tiny_3,74060420,1082
97a37d956aa643d6,innocence_thinwall_door_candle_straight_v01_01.tgt,Tiny_3,74061502,1206
df8b16051a70c04c,innocence_thinwall_candle_3way_v01_01.tgt,Tiny_3,74053722,1070
1ba6c4e20856ca56,innocence_thinwall_candle_straight_end_v01_01.tgt,Tiny_3,74058022,1202
8cf1cbe86f98caba,innocence_thinwall_candle_straight_v01_01.tgt,Tiny_3,74059224,1196
281f7c867b950858,innocence_thinwall_candle_corner_v01_01.tgt,Tiny_3,74054792,1074
daa54a12cfe0c00a,innocence_thinwall_candle_cross_door_v01_01.tgt,Tiny_3,74055866,1084
01e1486c10c8dfcb,innocence_thinwall_candle_cross_v01_01.tgt,Tiny_3,74056950,1072
c96f65c6f14aa40f,innocence_thickwall_mirror_straight_v01_01.tgt,Tiny_3,74049204,1898
3564bd8901400e5b,innocence_thickwall_to_thinwall_candle_corner_v01_01.tgt,Tiny_3,74051102,1250
995dfc92f1a19efc,innocence_thickwall_to_thinwall_candle_straight_v01_01.tgt,Tiny_3,74052352,1370
e569df3ccf74696c,innocence_thickwall_candle_straight_v01_01.tgt,Tiny_3,74046560,1250
88aa41b09a3697d5,innocence_thickwall_candle_straight_v01_02.tgt,Tiny_3,74047810,1394
343898e1a3739d33,innocence_thickwall_candle_concave_v01_01.tgt,Tiny_3,74044298,1132
967fe7524d4c3c4b,innocence_thickwall_candle_convex_v01_01.tgt,Tiny_3,74045430,1130
f1309fd1b5542a5f,innocence_terrace_stairs_candle_convex_v01_01.tgt,Tiny_3,74039164,1634
42129651a32fa92d,innocence_terrace_stairs_candle_convex_v01_02.tgt,Tiny_3,74040798,1742
ce3ff1c8e862309a,innocence_terrace_stairs_candle_convex_v01_03.tgt,Tiny_3,74042540,1758
3857b0651d5db671,innocence_terrace_edge_top_candle_thinwall_v01_01.tgt,Tiny_3,74037780,1384
a2028036f29f266d,innocence_terrace_edge_candle_straight_v01_01.tgt,Tiny_3,74035366,1208
202a7d080c8ce424,innocence_terrace_edge_candle_straight_v01_02.tgt,Tiny_3,74036574,1206
e9626b32b3abe7fe,innocence_terrace_edge_candle_convex_v01_01.tgt,Tiny_3,74032888,1276
7dd69e5534e11df5,innocence_terrace_edge_candle_convex_v01_02.tgt,Tiny_3,74034164,1202
e66d010648116409,innocence_terrace_edge_candle_concave_v01_01.tgt,Tiny_3,74030408,1276
aa494c1b447fa1c3,innocence_terrace_edge_candle_concave_v01_02.tgt,Tiny_3,74031684,1204
91eeed161b231371,innocence_terrace_edge_both_candle_thinwall_v01_01.tgt,Tiny_3,74027632,1386
f747756dcc71ee16,innocence_terrace_edge_bottom_candle_thinwall_v01_01.tgt,Tiny_3,74029018,1390
74f165b0fb7bfe42,innocence_stairs_candle_straight_v01_01.tgt,Tiny_3,74025382,1014
f657c407b0a19337,innocence_stairs_candle_straight_v01_02.tgt,Tiny_3,74026396,1236
279614740fdb927f,innocence_stairs_candle_concave_v01_01.tgt,Tiny_3,74023360,1012
2542bcce3e3812a3,innocence_stairs_candle_convex_v01_01.tgt,Tiny_3,74024372,1010
e47c114d4dd849c7,innocence_ledge_thickwallheightconvex_v02_01.tgt,Tiny_3,74020224,1484
cdfbc8ed88b06f58,innocence_ledge_to_candle_stairs_v01_01.tgt,Tiny_3,74021708,1652
db2982b4fd305935,innocence_ledge_candle_curvedstairs_v01_01.tgt,Tiny_3,74016908,1664
bf27bfbf80a7dfaf,innocence_ledge_candle_stairs_v01_01.tgt,Tiny_3,74018572,1652
b45e6ce0d4a063e1,innocence_giant_candle_pillar_v01_01.tgt,Tiny_3,74014176,1342
054dda0f8fc18d4c,innocence_giant_candle_pillar_v01_02.tgt,Tiny_3,74015518,1390
5864f9111a101ecb,innocence_floor_candle_relief_big_v01_01.tgt,Tiny_3,74009108,1850
143437cfd5db296a,innocence_floor_candle_relief_v01_01.tgt,Tiny_3,74010958,1542
48a2885efb5f710d,innocence_floor_candle_relief_v01_02.tgt,Tiny_3,74012500,1676
72635b7b55102cbf,innocence_doubleledge_candle_stairs_v01_01.tgt,Tiny_3,74004992,2056
71c90fed967a9f59,innocence_doubleledge_candle_stairs_v02_01.tgt,Tiny_3,74007048,2060
d8b8bf2da9a35c6c,innocence_candle_floorfill_pulpit_v01_01.tgt,Tiny_3,74003348,1644
ba0af382dce30583,innocence_candle_floor_v02_01.tgt,Tiny_3,74001368,1022
f942c904585ea470,innocence_candle_floor_v02_02.tgt,Tiny_3,74002390,958
