hash,file,bundle,offset,size
5aa376f0c9e35d4c,arrowpustule.epk,Tiny.V0.1,72482240,412
79d51ec9fc28affe,enemypustule.epk,Tiny.V1.1,70617550,436
b9070b0b421c0989,bowenhancement.epk,Tiny.V6.1,72708679,788
