hash,file,bundle,offset,size
66c8a03196d9ecba,beacon_idle.pet,Tiny.V4.1,117352288,39676
b9272e4ff109f912,aura_idle.pet,Tiny.V2.1,115327748,11398
e30ceb3dc09189b0,explode_end_pt.pet,Tiny.V4.1,117391964,82270
