hash,file,bundle,offset,size
2f96b59fba149139,stagnationarenagate.ao,Tiny_11,56987390,1430
b734a8143b13d8f3,arenatransition_01.tdt,Tiny_11,56975959,7520
4793a868f55ba6b8,arenatransition_02.tdt,Tiny_11,56983479,3911
00c4a2b24e57c262,arenacurve_cc_01.tdt,Tiny_11,56961856,6542
b7f68cbd1c10cdca,arenacurve_cc_02.tdt,Tiny_11,56968398,7561
