hash,file,bundle,offset,size
92aec72048c2c86b,seagullpecking.ot,Tiny.VF,47041888,798
36910934c28eae16,seagullpecking.otc,Tiny.V8,46726609,1556
33fbf2bac5650ecf,seagullproximitytrigger.ot,Tiny.V4.1,148720941,258
c635f3ea52e6b54e,seagullproximitytrigger.otc,Tiny.VF,47041610,278
d5c89f923a2c9ff9,seagullnew.act,Tiny.V6,47707560,370
034d93ce6344b5de,seagullnew.ot,Tiny.VA,48315208,626
e71dfe583b12718d,seagullnew.otc,Tiny.V1,47908166,892
cb5762e05e278527,seagull.ao,Tiny.VB.1,146833459,224
56b9896b9076742e,seagull.aoc,Tiny.V6.1,146268021,17914
2311e6fd56982368,seagull.ot,Tiny.V6,47706996,564
46aeb8347063bbfd,seagull.otc,Tiny.V2,47080657,856
2bde79deb0028108,seagullstatic.ot,Tiny.VF,47041888,798
b063538ecff91d22,seagullstatic.otc,Tiny.V7,47216686,1664
