hash,file,bundle,offset,size
a701c46b1727b007,wildcard_fieldunwalkable_doorclosed_st_01.tdt,Tiny.V6.1,210390972,883
9204deda4143b83d,wildcard_fieldunwalkable_st_01.tdt,Tiny.V4.1,211433588,844
9e27ca83175883ea,wildcard_fieldunwalkable_tri_01.tdt,Tiny.VB.1,211043220,1196
0ab34ede3af74c0c,wildcard_fieldunwalkable_tri_02.tdt,Tiny.VE.1,209860632,1147
487d37969c9f4672,wildcard_fieldunwalkable_tri_03.tdt,Tiny.V9.1,212502553,1652
4f1b58272dd14a51,wildcard_fieldunwalkable_tri_04.tdt,Tiny.V0.1,212380098,1630
617776e16f8094f2,wildcard_fieldunwalkable_tri_05.tdt,Tiny.V8.1,211715985,1337
37177c97b0520b61,wildcard_fieldunwalkable_tri_06.tdt,Tiny.V7.1,209130832,1569
1747c6ae3d6095df,wildcard_fieldunwalkable_quad_02.tdt,Tiny.VD.1,211095732,1106
7e49d7f9b863ff4a,wildcard_fieldunwalkable_quad_03.tdt,Tiny.V0.1,212376857,1802
2022f34ec9e9bc37,wildcard_fieldunwalkable_quad_04.tdt,Tiny.V5.1,208147259,1464
9601119e35b555ab,wildcard_fieldunwalkable_quad_05.tdt,Tiny.V0.1,212378659,1439
7f26ccc3d226772d,wildcard_fieldunwalkable_quad_06.tdt,Tiny.V7.1,209129326,1506
a9a545ac670bc3f4,wildcard_fieldunwalkable_quad_07.tdt,Tiny.V5.1,208148723,1289
58aab7b3d2d5584b,wildcard_fieldunwalkable_quad_08.tdt,Tiny.VC.1,214578462,1246
4286ed4866e00ba8,wildcard_fieldunwalkable_quad_01.tdt,Tiny.V0.1,212375745,1112
7f1a61583a45f573,wildcard_fieldunwalkable_quad_01_door.tdt,Tiny.VF.1,208336920,1526
ae08bd96075db4d3,wildcard_fieldunwalkable_cc_01.tdt,Tiny.VB.1,211042200,1020
bbdb03d1c224d49f,wildcard_fieldunwalkable_cv_01.tdt,Tiny.VE.1,209859500,1132
fae6f58f211971a9,full_unwalkable_cnr_01.tdt,Tiny.VE.1,209858034,779
b9170ac6b84fa8ff,full_unwalkable_st_01.tdt,Tiny.VE.1,209858813,687
02396acdb197395e,full_unwalkable_tri_01.tdt,Tiny.V0.1,212374894,851
0889fed252498396,full_unwalkable_quad_02.tdt,Tiny.V9.1,212500703,1850
8c1f5e348d60ad96,full_unwalkable_quad_03.tdt,Tiny.VD.1,211094053,1679
961369c9a3085f6d,full_unwalkable_quad_04.tdt,Tiny.V7.1,209128240,1086
892895e616b64674,full_unwalkable_quad_01.tdt,Tiny.V4.1,211432846,742
2c9c75b9d489b294,full_unwalkable_quad_01_door.tdt,Tiny.V7.1,209127361,879
5a283b1d78492a1d,full_unwalkable_door_st_01.tdt,Tiny.V7.1,209126624,737
74e90de1999d4530,full_unwalkable_door_tri_01.tdt,Tiny.V0.1,212374007,887
74c6fb3beb1af12c,fieldunwalkable_st_01.tdt,Tiny.VB.1,211041224,976
47e9f4b031066792,fieldunwalkable_tri_01.tdt,Tiny.VA.1,212125944,1217
33c0b5f309311f5c,fieldunwalkable_tri_02.tdt,Tiny.V2.1,214631773,1258
8dc2aabbd299fa67,fieldunwalkable_tri_03.tdt,Tiny.V0.1,212371045,1462
168efe6bb031eb54,fieldunwalkable_tri_04.tdt,Tiny.V0.1,212372507,1500
02a2787eb8221188,fieldunwalkable_tri_05.tdt,Tiny.VF.1,208335389,1531
eb65ca85a3df2cdc,fieldunwalkable_quad_10.tdt,Tiny.V9.1,212498970,1733
c149a0e23967a7fe,fieldunwalkable_quad_11.tdt,Tiny.V1.1,208763633,1818
dd7eab09a1c535bb,fieldunwalkable_quad_12.tdt,Tiny.V5.1,208145630,1629
c9b69a55ed279088,fieldunwalkable_quad_13.tdt,Tiny.V4.1,211431300,1546
711c1883fe7291b3,fieldunwalkable_quad_14.tdt,Tiny.VD.1,211092661,1392
a62535ef7e7b98c0,fieldunwalkable_quad_02.tdt,Tiny.V4.1,211430082,1218
629371fc84641951,fieldunwalkable_quad_03.tdt,Tiny.V9.1,212496090,1493
273d8edd3a7874e7,fieldunwalkable_quad_04.tdt,Tiny.V1.1,208762214,1419
1bdc2e14ce13c600,fieldunwalkable_quad_05.tdt,Tiny.V8.1,211714306,1679
987467040ca8d2a7,fieldunwalkable_quad_06.tdt,Tiny.VB.1,211039266,1958
e412152f5f666503,fieldunwalkable_quad_07.tdt,Tiny.VA.1,212124334,1610
367c5c42b12d5372,fieldunwalkable_quad_08.tdt,Tiny.V7.1,209124638,1986
db37968e9e1c46d7,fieldunwalkable_quad_09.tdt,Tiny.V9.1,212497583,1387
f1d10138f1a9d668,fieldunwalkable_quad_01.tdt,Tiny.V0.1,212369858,1187
508c68a5add44288,fieldunwalkable_quad_01_door.tdt,Tiny.V8.1,211712629,1677
687ed933a58a10a1,fieldunwalkable_door_tri_01.tdt,Tiny.V4.1,211428167,1915
aa4bc3d229485762,fieldunwalkable_doorclosed_st_01.tdt,Tiny.VE.1,209857045,989
d2ffa70b84d65799,fieldunwalkable_cc_01.tdt,Tiny.VC.1,214577287,1175
f90636dc497f3e58,fieldunwalkable_cv_01.tdt,Tiny.V1.1,208760960,1254
