hash,file,bundle,offset,size
94ab7a6d0a48d4a2,healing_beam.ao,Tiny.VD.1,156453644,8848
