hash,file,bundle,offset,size
0882c46456053afa,expstoragetent_02.ao,Tiny.V2.1,206162340,790
fbd65e88c31b9c2c,expstoragetent_01.ao,Tiny.V7.1,197675444,874
