hash,file,bundle,offset,size
7c1138711715f3fa,vermeilcircletintb.ao,Tiny.VD.1,177560891,1006
b73a253ed12d69c7,vermeilcircletint.ao,Tiny.V8.1,178825616,780
1540e9401b75c705,vermeilcircletdrop.ao,Tiny.V5.1,177196832,852
c8627320590e4d9a,vermeilcircletdexb.ao,Tiny.VE.1,175088036,1002
ca166dfa5df08d5d,vermeilcircletdex.ao,Tiny.V5.1,177195608,1224
025bd4f10d36688c,vermeilcircletdexint.ao,Tiny.V9.1,178870110,996
c346271aafc57eb0,vermeilcircletdexintb.ao,Tiny.VD.1,177560103,788
def129940466a206,vermeilcircletstrb.ao,Tiny.V1.1,177693838,982
43c0883e8456b567,vermeilcircletstr.ao,Tiny.V6.1,175780229,780
2ac1903337d5d918,vermeilcircletstrdexb.ao,Tiny.VD.1,177561897,1008
456bc457384a8514,vermeilcircletstrdex.ao,Tiny.V6.1,175780229,780
be00d114d3cf134a,vermeilcircletstrintb.ao,Tiny.VD.1,177562905,994
95a406c9d85ca075,vermeilcircletstrint.ao,Tiny.V5.1,177197684,796
