hash,file,bundle,offset,size
03218638661615f2,phoenixhair.ao,Tiny.V2.1,144293544,332
bdf27d8e0172ab47,phoenixhair.aoc,Tiny.V1.1,9592324,1218
6aaea8a0ec7bac7a,phoenixhair_green.ao,Tiny.V2.1,144293544,332
49ce628916b9a670,phoenixhair_green.aoc,Tiny.V4.1,17199954,1230
cd5290b96ed18adc,phoenixhair_blue.ao,Tiny.V2.1,144293544,332
09879a2c42ea294b,phoenixhair_blue.aoc,Tiny.VD.1,11892918,1228
1ddef4eb8111c1cb,phoenixhair_revive_green.ao,Tiny.V2.1,144293544,332
97c6bb6397a7e728,phoenixhair_revive_green.aoc,Tiny.V1.1,9593542,1244
6aa359df77603dbd,phoenixhair_revive_blue.ao,Tiny.V2.1,144293544,332
86640f0bb7c48aee,phoenixhair_revive_blue.aoc,Tiny.VE.1,13737326,1242
3e377b6ddd615aaa,phoenixhair_revive.ao,Tiny.V2.1,144293544,332
b1bea32fda812edf,phoenixhair_revive.aoc,Tiny.VB.1,11828550,1232
