hash,file,bundle,offset,size
ada89df0da5486bf,atzirimirrorportal.ao,Tiny.V2.1,32291214,362
6973da32666a8967,atzirimirrorportal.aoc,Tiny.V1.1,28671594,21702
7df507f6b5a65aef,atzirimirrorportal.ot,Tiny.V2.1,32291576,1142
d911247962e9734d,atzirimirrorportal.otc,Tiny.V2.1,32292718,754
b97e0ddda7257d35,atzirimirrorportal_map.ao,Tiny.V2.1,32291214,362
e0406781869c1517,atzirimirrorportal_map.aoc,Tiny.VB.1,30362928,21732
