hash,file,bundle,offset,size
6311b29fb71390b2,magic_blast.ao,Tiny.V4.1,156673496,6172
fa538c5d7c779b37,danai_sweep.ao,Tiny.V2.1,159367642,2400
5fe375afe72662a3,danai_flicker_slice.ao,Tiny.VA.1,152177232,2468
40cfa1b9391cb963,flameblast.ao,Tiny.VE.1,155909700,4838
8caa3686555acb73,flameblastexplode.ao,Tiny.V3.1,159667591,6024
