hash,file,bundle,offset,size
d2bd4a0dcbc58fd6,waterridgevirtual.et,Tiny.V8.1,148197978,556
025733938f5b2b8e,carverupperground.gt,Tiny.VC.1,153379996,58
662002e303d400ce,bogblank_upper_01.tdt,Tiny.V5.1,149318357,206
7e3d756d51742ae0,bogforcedblank_upper_01.tdt,Tiny.VF.1,152450153,230
62910adac45f22ae,bog_water.et,Tiny.V7.1,150391876,184
813fff749db7390d,fill_01.tdt,Tiny.V9.1,147936378,328
cce668aab293ea7f,fill_blank_01.tdt,Tiny.V9.1,147936706,340
