hash,file,bundle,offset,size
7312c42a4fb40d23,start_flash_vulnerability_r.mat,Tiny.VF.1,29944124,19744
db5fc2ba891ffafa,orb_glow_vulnerability2_r.mat,Tiny.VC.1,31287476,18568
9712f3df22b3b47f,orb_glow_vulnerability_r.mat,Tiny.VC.1,31306044,17014
4cf6d8959c6f80ec,vulnerability_sparkles_r.mat,Tiny.VE.1,30299162,15798
a1921f744c4477e3,vulnerability_orb3_r.mat,Tiny.V8.1,28641150,32662
0e8615c9e8c12178,vulnerability_orb2_r.mat,Tiny.V6.1,30053252,30372
24b9c097605ec4ef,vulnerability_orb_r.mat,Tiny.V2.1,30228002,28030
