hash,file,bundle,offset,size
8a8c3241e69f80d8,highhut_01.tgt,Content/data/balance/worldareas/hideoutarcaneisle.vworld,657645,4218
097d65ec0f3380c1,fill_07.tgt,Tiny.V8,31949435,1582
d852573bc4d07cac,fill_06.tgt,Tiny.V0,32297529,814
1fdbffead6a9a59b,fill_05.tgt,Tiny.V9,32488367,226
b22886c3d24f975f,fill_04.tgt,Tiny.V2,32210840,674
82426fb06af5faf6,fill_03.tgt,Tiny.V4,32370363,1152
a656f32421322112,fill_02.tgt,Tiny.V7,32106111,226
aaea0eab7f51e7ee,canopyspiretransition_01.tgt,Tiny.VE,31836623,2032
c766de5be45251c4,canopycollapsedtransition_01.tgt,Tiny.V7,32103063,3048
75ad383f86ba97eb,ccmm_02.tgt,Tiny.V6,32068688,2166
570d4137ce2bf0b4,ccmm_01.tgt,Tiny.V5,31660363,2708
6f475ea7940275fd,cvmm_03.tgt,Tiny.V3,31689851,2368
c66600d008d627cc,cvmm_02.tgt,Tiny.V1,32085238,2460
d3f9830e7afa7b37,cvmm_01.tgt,Tiny.VD,32225989,2914
206002fd09f0f64b,cvmm_cvmm_gap01.tgt,Tiny.V4,32367717,2646
fc815e2239a504e8,cvmm_cvmm_01.tgt,Tiny.V6,32070854,2842
948c034e3fde2ae7,stmm_04.tgt,Tiny.VE,31844281,2470
441102731852bd80,stmm_03.tgt,Tiny.V6,32073696,2410
e941650168540b87,stmm_02.tgt,Tiny.VB,32295035,2934
42646b7ed07cc4eb,stmm_01.tgt,Tiny.VB,32293079,1956
1ac1d6a0accec475,ringhole_01.tgt,Tiny.V9,32488593,3116
dc87d6f7b6526e7b,ringtree_01.tgt,Tiny.V3,31694497,2760
d5df6537fea41fa9,abysscc_ledgecv_01.tgt,Tiny.VF,32247547,1352
db74b0cec195131f,abysscv_ledgecv_01.tgt,Tiny.V1,32082522,2716
48a00bd3bb612193,abysscv_uppercv_02.tgt,Tiny.VD,32223223,2766
8e2391e5c2dc288f,abysscv_uppercv_01.tgt,Tiny.V6,32067664,1024
e6d0b5125d3ec99f,longhut_01.tgt,Tiny.VE,31840741,3540
f7af0f41b9c04eba,ledgeabysslower_02.tgt,Tiny.V2,32211514,2566
c1db5f5f4eee6505,ledgeabysslower_01.tgt,Tiny.V7,32106337,2278
4bc60638f4696fe7,ledgeabyssupper_02.tgt,Tiny.VC,32517670,1768
e112fb980ff1de3a,ledgeabyssupper_01.tgt,Tiny.V2,32214080,2782
6218b7dc7ac8e516,ledgecc_01.tgt,Tiny.V5,31663071,2546
3bf2827f837cb672,ledgecvcv_01.tgt,Tiny.VF,32248899,2110
248193c02d5f10fc,ledgecv_01.tgt,Tiny.VE,31838655,2086
454e73ce00e97049,ledgest_03.tgt,Tiny.V0,32298343,1512
ddd38c31f4b1bb97,ledgest_02.tgt,Tiny.V7,32108615,2360
4804bed7d6465f24,ledgest_01.tgt,Tiny.V2,32216862,2450
afd01d55ac8d786c,ledgestendabyss_03.tgt,Tiny.V2,32219312,2848
30627150a2bf665e,ledgestendabyss_02.tgt,Tiny.V3,31692219,2278
ed14f39e58450584,ledgestendabyss_01.tgt,Tiny.V8,31951017,1728
a96ee96921b1709d,uppercc_01.tgt,Tiny.V9,32514035,2250
3b431bcd06f95b0e,uppercvcv_01.tgt,Tiny.V4,32397178,1612
54097b742a750d42,uppercv_02.tgt,Tiny.V6,32104232,1576
370542c8265ddf03,uppercv_01.tgt,Tiny.VE,31869734,1326
68c8d7b889e5b868,upperst_02.tgt,Tiny.V4,32398790,1488
1a0869ea6c4a18b3,upperst_01.tgt,Tiny.VD,32268461,2538
c305b947c7d95218,bottom_fill_01.tgt,Tiny.VA,32338638,438
6b03f6e4672761e9,bottom_fill_02.tgt,Tiny.V9,32487521,846
eacca260395cc247,bottom_fill_03.tgt,Tiny.V4,32365913,870
8d4d26be8e9e2015,bottom_fill_04.tgt,Tiny.VA,32339076,862
a6b5bf9b5296a714,bottom_fill_05.tgt,Tiny.V4,32366783,934
b2bff1cc0a965725,bottom_fill_06.tgt,Tiny.V3,31688127,862
f8184d9d40a2ef85,bottom_fill_07.tgt,Tiny.V3,31688989,862
