hash,file,bundle,offset,size
5d17286f95af7506,verisium_slam.ao,Tiny.V0.1,149296852,2520
df1b25fdbb1c7c97,bounce_impact.ao,Tiny.V5.1,148873910,2516
bbe131aa885489ca,plasmaprojectile.ao,Tiny.VB.1,150453483,7012
