hash,file,bundle,offset,size
f40aea350e6e0b57,fwdline.pet,Tiny.VC.1,140604513,99862
f205c80b08e266e1,grd_trl.trl,Tiny.VC.1,140704375,2548
b4d52a8a0bfbb358,onact_lightning.pet,Tiny.V7.1,136852622,13402
