hash,file,bundle,offset,size
f589d7c4de862e18,impact.ao,Tiny.V1.1,160019276,2752
f37a594753f9904c,mortar.ao,Tiny.VF.1,158939132,3270
