hash,file,bundle,offset,size
1c0c6ec7073e307c,r_shoulderpad.ao,Tiny.VA.1,40560248,70
ea16ced16cf72c6e,r_shoulderpad.aoc,Tiny.V9.1,126241816,356
