hash,file,bundle,offset,size
61ed31fa716476fb,eaglearmourbootsint.ao,Tiny.V2.1,178926836,574
82dc286c48db55ce,eaglearmourbootsdex.ao,Tiny.V3.1,179693875,576
48b316deab769804,eaglearmourbootsdexint.ao,Tiny.V5.1,176564292,568
a2fac19a516f04bf,eaglearmourbootsstrint.ao,Tiny.VE.1,174457984,584
e4f8405449eb57c4,eaglearmourbootsstrdex.ao,Tiny.VA.1,176388074,586
15089f9a1c32a140,eaglearmourbootsstr.ao,Tiny.VA.1,176387496,578
