hash,file,bundle,offset,size
fef2f98bed3a0afa,loop_midline.pet,Tiny.VC.1,197230907,8160
b29d8bb12660647b,fadein_midline.pet,Tiny.V8.1,193375966,8070
