hash,file,bundle,offset,size
289e64bc29574e20,rapturehelmetint.ao,Tiny.VF.1,127122948,424
e8cca4df94bbd527,rapturehelmetint.aoc,Tiny.VA.1,125870074,492
efb4846ba59fd28e,rapturehelmetstrint.ao,Tiny.VF.1,127123372,418
ac268302f4b8bc0a,rapturehelmetstrint.aoc,Tiny.VE.1,123519212,420
f3b6690d1d677a86,rapturehelmetstr.ao,Tiny.VD.1,122751435,424
86acded18fd27b6c,rapturehelmetstr.aoc,Tiny.V9.1,124489110,450
b3d3aa2811fe55c7,rapturehelmetstrdex.ao,Tiny.VF.1,127123372,418
5bf5f91902bd3be1,rapturehelmetstrdex.aoc,Tiny.V9.1,124489560,460
93072ccb7f9744e3,rapturehelmetdex.ao,Tiny.VF.1,127122948,424
52310ceb2b1ac045,rapturehelmetdex.aoc,Tiny.V3.1,127098188,446
dd465259141b92b0,rapturehelmetdexint.ao,Tiny.V6.1,125975874,430
7933d0148522c7b0,rapturehelmetdexint.aoc,Tiny.VB.1,125073742,424
