hash,file,bundle,offset,size
,cine_wildflowergroup09.ao,,,5592580
,cine_wildflowergroup09.ao.1,,,5592580
,cine_wildflowergroup09.ao.2,,,5592580
