hash,file,bundle,offset,size
7861c1e3c723cb04,once_midline.pet,Tiny.V1.1,141144586,12486
