hash,file,bundle,offset,size
82b38b10119a124c,ground_out.pet,Tiny.V8.1,82134070,31168
c34b78dafc32a766,leap.pet,Tiny.V7.1,78915880,19444
