hash,file,bundle,offset,size
6e0406e712179b02,drool.ao,Tiny.V6.1,181277899,1346
