hash,file,bundle,offset,size
e6cba920afab78ef,death.pet,Tiny.V4.1,195051310,18150
90a93bd71f7e90a0,up_cyl.pet,Tiny.VC.1,199850811,17230
66aeef63a0025e00,up.pet,Tiny.V3.1,197180555,6808
