hash,file,bundle,offset,size
7fe93810393d8b13,debilitatedebuff.ao,Tiny_D,506806142,2254
29cdc0444dccf493,debilitatedebuff.epk,Tiny_D,506808396,198
