hash,file,bundle,offset,size
99bd55842348dece,boss_1.arm,Tiny_11,63526591,2752
48e47ff4385da14e,rivergate.arm,Tiny_11,63553371,1776
1e7308fa87361c9d,sanctum_entrance.arm,Tiny_11,63555147,1886
5741ec2139256da5,side_cave_entrance_1.arm,Tiny_11,113553235,1400
bf041ab86f6b0952,graves_1.arm,Tiny_11,63548931,2040
741e00f32558a9bd,graves_2.arm,Tiny_11,63550971,1464
f2a610a3a5d6c030,graves_3.arm,Tiny_11,63552435,936
f11ca4ef0f83b9b3,flow_sink_1.arm,Tiny_11,63544423,746
33435c68da337e69,flow_source_1.arm,Tiny_11,63545169,3762
c582664773489e4e,cliffgate.arm,Tiny_11,63543345,1078
c0dd7eb81f12841a,churchwallgate.arm,Tiny_11,63542319,1026
20a111614efcfe55,church_ruin_entrance.arm,Folders/metadata/6/terrain,2439356,18502
e9ac30e393bc55f7,church_wall_gate_transition.arm,Tiny_11,63529343,850
1f86a8b2e0240f7d,churchruin_2.arm,Tiny_11,63533711,1764
827c26509ac78b77,churchruin_3.arm,Tiny_11,63535475,860
0154103c0e80e3c7,churchruin_4.arm,Tiny_11,63536335,2318
79c545151c4d1a2c,churchruin_5.arm,Tiny_11,63538653,730
f25a6184c9cbec39,churchruin_6.arm,Tiny_11,63539383,644
8f54b9417d8354e0,churchruin_7.arm,Tiny_11,63540027,1010
73df6b3a67135d91,churchruin_8.arm,Tiny_11,63541037,640
bc52dbc4f0176f0c,churchruin_9.arm,Tiny_11,63541677,642
941702f717f57a8c,churchruin_1.arm,Tiny_11,63530193,1722
be0e1e2ad0ca5ae3,churchruin_10.arm,Tiny_11,63531915,938
a88209bb765fd42d,churchruin_11.arm,Tiny_11,63532853,858
