hash,file,bundle,offset,size
3675d15676396af4,assembleskeleton.ao,Tiny.V4.1,70731252,19778
5cfbf5353d4c66c3,chest_gather_surge.ao,Tiny.V8.1,72563166,13192
