hash,file,bundle,offset,size
c25eab3604fb4744,mortarimpact.amd,Tiny.V7,5064904,84
62a67199578fbcb5,mortarimpact.ast,Tiny.VE,5096709,1690
