hash,file,bundle,offset,size
ffbbe6b6798fa464,idle_top.pet,Tiny_D,479958400,9502
