hash,file,bundle,offset,size
98da97760c10eaa1,afterlifecat_ao_pass1.mat,Tiny_11,74027322,4780
44a6df416ac0a2be,afterlifecat.ot,Tiny_11,39335687,448
5ac035a7dff0abee,afterlifecat.act,Tiny_11,39329033,514
d89def8bf63585ea,afterlifecat.ao,Tiny_11,39329547,6140
