hash,file,bundle,offset,size
b0b19ff735e238b5,beastiaryhatint.ao,Tiny_D,450734090,582
ee09ea4c1aa0e344,beastiaryhatstr.ao,Tiny_D,450734672,582
3407e3833077ca38,beastiaryhatstrint.ao,Tiny_D,450736544,588
cc94fccede4bdcd2,beastiaryhatstrdex.ao,Tiny_D,450735254,640
6df1498e6d0ac99c,beastiaryhatstrdexint.ao,Tiny_D,450735894,650
e41544679a955843,beastiaryhatdex.ao,Tiny_D,450732920,582
079245ad9959d887,beastiaryhatdexint.ao,Tiny_D,450733502,588
