hash,file,bundle,offset,size
,templar court,,,3705757
,ossuary,,,821700
