hash,file,bundle,offset,size
794d8c0b56166adf,portaledge.pet,Tiny.V2.1,56424830,2072
5d81c61551fac377,close_box.pet,Tiny.V1.1,53130890,13044
d66cbe2086edb863,open_box.pet,Tiny.VD.1,54141624,13014
178283acc6141de8,line.pet,Tiny.V4.1,54827944,2098
cd685bb8fda93222,daressoportalmap.ao,Tiny.V2.1,56419522,5308
a3824c22dd1b6741,daressoportal.ao,Tiny.V5.1,55124484,5302
