hash,file,bundle,offset,size
61ac7baa63e4bb0d,ember_01.mat,Tiny.VF,34957125,1942
8bfd0c53bca88b54,flame_01b.mat,Tiny.VC,35147652,3372
ab870ffeb4481b27,flame_02b.mat,Tiny.VC,35151024,3398
