hash,file,bundle,offset,size
ef0e8217853879ef,tencentlunargoddessbodyint.ao,Tiny_D,439394230,2254
1112dc56cf6253b9,tencentlunargoddessbodystr.ao,Tiny_D,439396484,2586
449555942bdfadf5,tencentlunargoddessbodystrint.ao,Tiny_D,439403756,2962
66607701bc7472df,tencentlunargoddessbodystrdex.ao,Tiny_D,439399070,2264
0de148c3980dddef,tencentlunargoddessbodystrdexint.ao,Tiny_D,439401334,2422
e395649a77656fab,tencentlunargoddessbodydex.ao,Tiny_D,439389494,2292
683d63c1a23bdd48,tencentlunargoddessbodydexint.ao,Tiny_D,439391786,2444
