hash,file,bundle,offset,size
d3c3845c56a28825,ghostribbons_u.mat,Tiny.V8.1,111055066,24432
543da0bde094f5ba,ghostribbons_r.mat,Tiny.VB.1,113653350,47620
2d90b01dc9e54d87,ghostribbons_r2.mat,Tiny.V9.1,113253320,21652
0b176eb1d09e05b2,pt_pass_1.mat,Tiny.V9.1,113274972,48994
1ec126a2619c624a,pt_pass_0.mat,Tiny.V6.1,115474028,8176
