hash,file,bundle,offset,size
d1c29b6666cda9ce,corevaalsnakeglovesint.ao,Tiny_E,17724693,548
fe46b493b5ae87d0,corevaalsnakeglovesstr.ao,Tiny_E,17725241,552
b7121416ecd23329,corevaalsnakeglovesstrint.ao,Tiny_E,17726923,558
34f0c043a73a84a4,corevaalsnakeglovesstrdex.ao,Tiny_E,17725793,560
c1fe5e82e78edef3,corevaalsnakeglovesstrdexint.ao,Tiny_E,17726353,570
da9cf5f41294999b,corevaalsnakeglovesdex.ao,Tiny_E,17723601,550
fe016ec59b9613a6,corevaalsnakeglovesdexint.ao,Tiny_E,17724151,542
