hash,file,bundle,offset,size
1f7a16cb73f96ccc,sack01.ao,Tiny.VB.1,144618310,168
bb2bfac77d0659d9,sack01.aoc,Tiny.V3.1,144375685,240
84b4447faa3a1fd7,sack02.ao,Tiny.V6.1,143701914,168
2736b22956118cbc,sack02.aoc,Tiny.V2.1,146353090,240
67872d86190f3e19,sack04.ao,Tiny.VD.1,139639188,168
06218ccbf32db640,sack04.aoc,Tiny.VC.1,147904032,240
c03dd4c3070d2fdc,sack03.ao,Tiny.V2.1,146353330,168
2058805c75a2cbd3,sack03.aoc,Tiny.VD.1,139638948,240
4ef1b6ba1feae0d4,sack05.ao,Tiny.V5.1,143212571,168
ab1d64ac8f2b3e89,sack05.aoc,Tiny.VB.1,144618478,240
42b527bbf96d57e8,sack06.ao,Tiny.V4.1,146287116,168
2d867661a7bb626f,sack06.aoc,Tiny.V7.1,143981078,240
438f4ac092072899,sackopen08.ao,Tiny.V3.1,7418506,80
3b60fd902b854279,sackopen08.aoc,Tiny.V9.1,141570098,248
4b4d8b2de7fc26ee,sackopen02.ao,Tiny.V3.1,7418506,80
27f231972135157f,sackopen02.aoc,Tiny.VD.1,139639356,248
9b209a781d245b48,sackopen09.ao,Tiny.V3.1,7418506,80
4dd89d856ac1c95d,sackopen09.aoc,Tiny.V9.1,141570346,248
18dbf3d70d61edaf,sackopen04.ao,Tiny.V3.1,7418506,80
c926704fb4e64d81,sackopen04.aoc,Tiny.VA.1,144288364,248
be0fc2e085d1720b,sackopen07.ao,Tiny.V3.1,7418506,80
207dd69d5afa4669,sackopen07.aoc,Tiny.V0.1,149004934,248
7a17a90135592505,sackopen01.ao,Tiny.V1.1,145129132,166
32369dfcfb021168,sackopen01.aoc,Tiny.VB.1,144618718,248
