hash,file,bundle,offset,size
21a7ab951aa1c40e,leapslam.epk,Tiny_D,99851752,816
ab78abbd38605894,leap_slam_land_upgraded.ao,Tiny_D,491122174,3652
