hash,file,bundle,offset,size
455d8f7bfb552a52,beam.ao,Tiny_9,261401654,4006
6ff60e7443782a74,puff_in.ao,Tiny_9,261469446,4442
f8794f31afdf3ee4,puff_out.ao,Tiny_9,261473888,3534
1c1ec465e60ae6c4,divergence_fadeout_suck.epk,Tiny_9,261414610,486
88c3f2d8ff5a6984,divergence_fadeout_suck_epk_pass0.mat,Tiny_9,261415096,572
d17492ae6f176abe,divergence_fadein_suck.epk,Tiny_9,261405660,484
0a2589ec2e93e80b,divergence_fadein_suck_epk_pass0.mat,Tiny_9,261406144,8466
