hash,file,bundle,offset,size
335eef25cbd8ffc9,cyl.pet,Tiny_8,126319617,29850
0e9c624db6f844bf,surge.ao,Tiny_8,126367351,2742
5b062dd0d29e0516,surge_cyl.pet,Tiny_8,126370093,20374
3dac628bc3f0c51b,points4.pet,Tiny_8,126349467,14488
2952228bc57cee56,points4b.pet,Tiny_8,126363955,3396
0b52843738d620d8,aura_spinner.ao,Tiny_8,126318511,1106
acca5b77c82799cc,aura_lightbringer.ao,Tiny_8,126310551,7746
f2273ce7069feb66,aura_lightbringer.epk,Tiny_8,126318297,214
