hash,file,bundle,offset,size
7a0ae3c61ce96467,runecyl_loop_u.mat,Tiny.V6.1,175535041,2324
19317eabf4c558d4,interface_mid_r.mat,Tiny.V4.1,178670154,47368
a43cfe29d704bace,interface_mid_u.mat,Tiny.V7.1,174673025,3362
8975631bfdf0cf3f,interface_cyl_01_r.mat,Tiny.VE.1,174634100,38428
c45b130e213d5128,interface_cyl_02_r.mat,Tiny.V9.1,178436963,40364
14d6153409918eb8,interface_cyl_03_r.mat,Tiny.V9.1,178477327,38148
