hash,file,bundle,offset,size
6536d5100805aad1,hideout_garden.dgr,Tiny_11,86927290,480
20d12553f19b20a2,hideout_garden_claim.dgr,Tiny_11,86927770,470
