hash,file,bundle,offset,size
edcc3353563611ff,impact.ao,Tiny.V3.1,23462618,368
cea92c33703ec758,impact.aoc,Tiny.V3.1,23462986,1770
20e9223a5ae82e22,arrow.ao,Tiny.V3.1,7418506,80
20df6c3891edcf9b,arrow.aoc,Tiny.VB.1,22534186,1386
4876c6b4f5e3da09,arrow_down.ao,Tiny.V2.1,25007684,306
2260f58c0e272f3d,arrow_down.aoc,Tiny.V0.1,26147920,5388
