hash,file,bundle,offset,size
7d8fde1d392d93a0,darkmagicaxe.ao,Tiny.V7.1,175648467,1666
