hash,file,bundle,offset,size
621a04223e61ff0f,sb_swim_body.pet,Tiny.VE.1,105547596,6210
