hash,file,bundle,offset,size
2e48a9c677844eaf,melt_particles.pet,Tiny_9,36719240,12564
c0d32c0834ecdb97,icesheet.pet,Tiny_9,36695452,6104
9f91683905c4b844,icetrl.trl,Tiny_9,36714002,2616
877d66ae04c20d0d,icetrl_board.trl,Tiny_9,36716618,2622
3f9289c740b0843a,icetrailing_l.pet,Tiny_9,36701556,6252
d42d5e128c457a6c,icetrailing_r.pet,Tiny_9,36707808,6194
ef41e826a99694b7,iceedgesl.pet,Tiny_9,36671256,12096
e8b5b4b6e7df8c39,iceedgesr.pet,Tiny_9,36683352,12100
57d502e089760248,icecrystalsl.pet,Tiny_9,36658776,6240
d3e0e46d1c50cb6c,icecrystalsr.pet,Tiny_9,36665016,6240
