hash,file,bundle,offset,size
da468b8647b8ae0f,swordstab_01.ao,Tiny.V3.1,100489334,750
235466cb24af6d5f,swordstab_01.aoc,Tiny.V5.1,98705638,4374
4f88dee95278630c,swordstab_02.ao,Tiny.V3.1,100489334,750
294778e4da82af4f,swordstab_02.aoc,Tiny.VE.1,99953550,3896
a5d77fd7ea80a01d,swordstab_03.ao,Tiny.V3.1,100489334,750
e01e5efc501d3fb7,swordstab_03.aoc,Tiny.V0.1,103461120,3896
141376d4ce3f55f7,swordstab.ao,Tiny.V3.1,100489334,750
bcf9a9b7dfdfb215,swordstab.aoc,Tiny.V3.1,100485442,3892
dae587f847f4ab23,impale_shockwave.ao,Tiny.VC.1,103243750,422
e00310c8f0299c69,impale_shockwave.aoc,Tiny.V6.1,100746190,2496
