hash,file,bundle,offset,size
ab08e7c0444619f9,bosspillar01.tgm,Streaming/Content/data/balance/worldareas/mapvaalfactory.vworld,12363336,102631
8cd26ed6d628b1ec,bosspillar01.tgm.header,Tiny.V1,24961476,492
9e6d7df8608fc135,bosswall01_c7r1.tgm,Streaming/Content/data/worldareas/6D/mapravine.vworld,763085,81181
3f0ce602c38e96d5,bosswall01_c7r1.tgm.header,Tiny.V4,25324120,624
268b02d178f98a38,bosswall01_c6r1.tgm,Streaming/Content/data/balance/worldareas/mapvaalfactory.vworld,12615316,180847
53036b3aa8837198,bosswall01_c6r1.tgm.header,Tiny.VF,25141876,800
6e8063b88cadeb22,bosswall01_c5r1.tgm,Streaming/Content/data/balance/worldareas/g1_2.vworld,11860,221179
cb94cd15ac401670,bosswall01_c5r1.tgm.header,Tiny.VD,24840115,888
89031f8d1dae56f3,bosswall01_c4r1.tgm,Streaming/Content/data/worldareas/0E/mapravine.vworld,247765,889469
5083d71727e8b1a7,bosswall01_c4r1.tgm.header,Tiny.V6,24931360,2384
4647553bc0538003,bosswall01_c3r1.tgm,Streaming/Content/data/worldareas/7F/mapravine.vworld,6291792,216649
55444a713c5ccbb8,bosswall01_c3r1.tgm.header,Tiny.VA,25140928,800
d660cdec39eb09ca,bosswall01_c2r1.tgm,Streaming/Content/data/balance/worldareas/mapvaalfactory.vworld,12465967,149349
6965467e7d9e3206,bosswall01_c2r1.tgm.header,Tiny.VD,24839403,712
ab90dd62038c95fa,bosswall01_c1r1.tgm,Streaming/Content/data/worldareas/64/mapravine.vworld,699236,84237
163de9d13e2003bb,bosswall01_c1r1.tgm.header,Tiny.VE,24782226,668
c6e6cbf4698eefd9,pillardoublebroken_01.tgm,Streaming/Content/data/balance/worldareas/CE/g4_4_1.vworld,202591,269591
d1ca2efd3105614f,pillardoublebroken_01.tgm.header,Tiny.VF,25159861,350
7e22bcee998fc937,pillardoublethinend_01.tgm,Streaming/Content/data/balance/worldareas/E6/incursiontemplepresent.vworld,10313,888467
82e1e14ce306cd22,pillardoublethinend_01.tgm.header,Tiny.V8,25077129,1626
cdedf16900eb0b4a,pillardoublethinst_01.tgm,Streaming/Content/data/balance/worldareas/12/mapvaalfactory.vworld,603656,1535971
7229bf4a772c9da0,pillardoublethinst_01.tgm.header,Tiny.V4,25346418,2814
79972d080b25b295,pillardoublethincvcc_01.tgm,Streaming/Content/data/balance/worldareas/C2/mapvaalfactory.vworld,1117189,1538555
df591b5e7baf5ee7,pillardoublethincvcc_01.tgm.header,Tiny.V4,25343692,2726
3eca2155699dace4,pillardoublethint_01.tgm,Streaming/Content/data/balance/worldareas/3C/mapvaalfactory.vworld,0,2508025
b8923dff23369046,pillardoublethint_01.tgm.header,Tiny.V9,25334928,3914
7269b2d6b79ca14c,pillardoublethinx_01.tgm,Streaming/Content/data/balance/worldareas/B9/mapvaalfactory.vworld,0,3252187
fc0f482b21c19c48,pillardoublethinx_01.tgm.header,Content/data/balance/worldareas/mapvaalfactory.vworld,524223,5014
700e841890b63169,ledgedoublecc_01.tgm,Streaming/Content/data/balance/worldareas/mapvaalfactory.vworld,24669795,212625
177b9a4956266e8d,ledgedoublecc_01.tgm.header,Tiny.VE,24795740,878
f373afd4c4ae1559,ledgedoublecv_01.tgm,Streaming/Content/data/balance/worldareas/g1_2.vworld,233039,211799
ddc1e990886c33c0,ledgedoublecv_01.tgm.header,Tiny.V5,24538416,1010
329f3fb81f35aa5f,ledgedoublest_01.tgm,Streaming/Content/data/balance/worldareas/F5/mapvaalfactory.vworld,2105253,186773
9c5587c42502f11c,ledgedoublest_01.tgm.header,Tiny.V4,25341181,526
95dad76466b9ae53,ledgedoublestairs_01_c1r1.tgm,Streaming/Content/data/balance/worldareas/DE/g4_11_2.vworld,434126,218793
c417ba58c82cfdc5,ledgedoublestairs_01_c1r1.tgm.header,Tiny.V3,24834883,1978
08d336aa8910c4aa,ledgedoublestairs_01_c1r2.tgm,Streaming/Content/data/balance/worldareas/mapvaalfactory.vworld,24882420,266325
367e71bb1e9c3d59,ledgedoublestairs_01_c1r2.tgm.header,Tiny.V2,25120938,2330
ce5ffdbe7ed43043,ledgedoublestairs_02_c1r1.tgm,Streaming/Content/data/balance/worldareas/mapvaalfactory.vworld,25148745,60209
c9c8c0d4a4f30dc6,ledgedoublestairs_02_c1r1.tgm.header,Tiny.V1,24971916,1670
de56c76bc9e821fe,ledgedoublestairs_02_c1r2.tgm,Streaming/Content/data/balance/worldareas/11/g4_4_1.vworld,575526,66985
428c987c8c8e844b,ledgedoublestairs_02_c1r2.tgm.header,Tiny.V9,25329247,2506
63aadc33ac80e348,ledgedoublestairs_03_c1r1.tgm,Streaming/Content/data/balance/worldareas/mapvaalfactory.vworld,25208954,241653
7e36ab903bfc07f0,ledgedoublestairs_03_c1r1.tgm.header,Tiny.V7,25005559,1978
fe63998b802e3e64,ledgedoublestairs_03_c1r2.tgm,Streaming/Content/data/balance/worldareas/mapvaalfactory.vworld,25450607,247531
f711aa813b9b9a13,ledgedoublestairs_03_c1r2.tgm.header,Tiny.VA,25158761,1538
fd176d2a2c1007dc,ledgedoublestairs_bollards_01_c3r1.tgm,Streaming/Content/data/balance/worldareas/mapvaalfactory.vworld,25712663,14741
5dac4f40ede44d05,ledgedoublestairs_bollards_01_c3r1.tgm.header,Tiny.V4,25341707,442
ef7deba249938413,ledgedoublestairs_bollards_01_c3r2.tgm,Streaming/Content/data/balance/worldareas/mapvaalfactory.vworld,25727404,8359
e6573539e71c5702,ledgedoublestairs_bollards_01_c3r2.tgm.header,Tiny.V2,25123268,424
df6741f6b83a9096,ledgedoublestairs_bollards_01_c2r1.tgm,Streaming/Content/data/balance/worldareas/8B/mapgrimhaven.vworld,436860,21193
96c6e69d01d230cb,ledgedoublestairs_bollards_01_c2r1.tgm.header,Tiny.V3,24836861,424
882a686777df0cd5,ledgedoublestairs_bollards_01_c2r2.tgm,Streaming/Content/data/worldareas/DC/mapravine.vworld,5592580,8871
f330350987dbbeba,ledgedoublestairs_bollards_01_c2r2.tgm.header,Tiny.VD,24867504,424
7373719afce9d77c,ledgedoublestairs_bollards_01_c1r1.tgm,Streaming/Content/data/balance/worldareas/mapvaalfactory.vworld,25698138,14525
6b31bb80614eb1e5,ledgedoublestairs_bollards_01_c1r1.tgm.header,Tiny.VB,25020304,442
f9c8a92c43f2a8f6,ledgedoublestairs_bollards_01_c1r2.tgm,Streaming/Content/data/balance/worldareas/5B/mapswamptower.vworld,439481,577175
7e808c1809f318ff,ledgedoublestairs_bollards_01_c1r2.tgm.header,Tiny.V0,25277361,3704
818ae444df30e762,ledgedoublethickst_01.tgm,Streaming/Content/data/balance/worldareas/C1/karuishowcase.vworld,530649,350915
5550668b0f9231ee,ledgedoublethickst_01.tgm.header,Tiny.V0,25281065,1054
54ef7fb8b64a6d18,doublethickcc_01.tgm,Streaming/Content/data/balance/worldareas/F5/mapvaalfactory.vworld,0,2105253
d5921efa1a00c056,doublethickcc_01.tgm.header,Tiny.VD,24849657,3694
34c2de1ceebd991c,doublethickccledgecc_01.tgm,Streaming/Content/data/balance/worldareas/E2/mapvaalfactory.vworld,1857187,1009189
8f972036afd1c828,doublethickccledgecc_01.tgm.header,Tiny.V9,25315086,2902
665b6a8587357daa,doublethickccledgest_01.tgm,Streaming/Content/data/balance/worldareas/mapvaalfactory.vworld,19113875,963251
398c343248fe0331,doublethickccledgest_01.tgm.header,Tiny.V4,25330040,2550
f3a2f7d3a8ec6882,doublethickcv_01.tgm,Streaming/Content/data/balance/worldareas/mapvaalfactory.vworld,20077126,852075
e2ae329331af6bd2,doublethickcv_01.tgm.header,Tiny.V6,24936348,2242
a9ba2223e6021a33,doublethickcv_thin_01.tgm,Streaming/Content/data/balance/worldareas/DF/mapvaalfactory.vworld,0,1927015
0f47463d2105312e,doublethickcv_thin_01.tgm.header,Tiny.V8,25066213,3958
5c27f5e4f3cb4efb,doublethickstst_01.tgm,Streaming/Content/data/balance/worldareas/E7/incursiontemple.vworld,0,384285
a4a568bfdb3b27ac,doublethickstst_01.tgm.header,Tiny.V6,24938590,1186
ca1d09b9fa10194f,doublethickst_01.tgm,Streaming/Content/data/balance/worldareas/mapvaalfactory.vworld,20929201,249221
e97fe125d60b7bf7,doublethickst_01.tgm.header,Tiny.V3,24825811,702
4c78438ed6a86897,doublethickst_hallway_01_c3r1.tgm,Streaming/Content/data/worldareas/78/g3_9.vworld,0,362215
7a7cee4a2995be05,doublethickst_hallway_01_c3r1.tgm.header,Tiny.VF,25145324,1768
048eabfb43638c04,doublethickst_hallway_01_c2r1.tgm,Tiny.V5,24526171,1233
1161b54f0bee4796,doublethickst_hallway_01_c2r1.tgm.header,Tiny.V5,24527404,424
c0d97223f6752bd0,doublethickst_hallway_01_c1r1.tgm,Streaming/Content/data/balance/worldareas/30/mapswamptower.vworld,502127,361355
ad6c81c0eb1973a7,doublethickst_hallway_01_c1r1.tgm.header,Tiny.VC,25146599,1768
1d59fcf2f908760f,doublethickst_thin_01.tgm,Streaming/Content/data/balance/worldareas/C2/mapvaalfactory.vworld,15188,1102001
8c493a26dfb669c5,doublethickst_thin_01.tgm.header,Tiny.VD,24853351,2110
7185052dece849a6,doublethickstairs_01_c1r1.tgm,Streaming/Content/data/balance/worldareas/mapvaalfactory.vworld,21178422,485583
f75cf608d9c71271,doublethickstairs_01_c1r1.tgm.header,Tiny.VA,25141728,2330
4a160eb23ec20983,doublethickstairs_01_c1r2.tgm,Streaming/Content/data/balance/worldareas/mapvaalfactory.vworld,21664005,514067
319dd146b28a9912,doublethickstairs_01_c1r2.tgm.header,Tiny.V0,25257592,2374
2d9eaee225c148ed,dungeon_cave_v01_01_c3r1.tgm,Streaming/Content/data/balance/worldareas/g3_6_1.vworld,2031083,5179
a369d52358ad1f42,dungeon_cave_v01_01_c3r1.tgm.header,Tiny.VD,24855791,290
f76687e998fd6f60,dungeon_cave_v01_01_c3r2.tgm,Streaming/Content/data/balance/worldareas/g3_6_1.vworld,2036262,492649
3a404765cf091fee,dungeon_cave_v01_01_c3r2.tgm.header,Content/data/balance/worldareas/mapuberboss_ritual.vworld,1981601,4370
7c75a21b246b515d,dungeon_cave_v01_01_c3r3.tgm,Tiny.VC,25148895,2043
b0e538968f74a16a,dungeon_cave_v01_01_c3r3.tgm.header,Tiny.V7,24995765,264
04caa87c66f3ce61,dungeon_cave_v01_01_c2r1.tgm,Streaming/Content/data/balance/worldareas/g3_6_1.vworld,885281,9669
0bf6f1c8f6b89314,dungeon_cave_v01_01_c2r1.tgm.header,Tiny.VD,24855461,330
f344404fa19a5e37,dungeon_cave_v01_01_c2r2.tgm,Streaming/Content/data/balance/worldareas/g3_6_1.vworld,894950,1136133
8c0a67f848773d4c,dungeon_cave_v01_01_c2r2.tgm.header,Content/data/balance/worldareas/mapuberboss_ritual.vworld,1977151,4450
083eff99acec1810,dungeon_cave_v01_01_c2r3.tgm,Tiny.V9,25317988,1773
93a40c5808e148fd,dungeon_cave_v01_01_c2r3.tgm.header,Tiny.VC,25148631,264
d138770314cf15cb,dungeon_cave_v01_01_c1r1.tgm,Streaming/Content/data/balance/worldareas/g3_6_1.vworld,253901,4991
0b6f379835640395,dungeon_cave_v01_01_c1r1.tgm.header,Tiny.VC,25148367,264
fcdb4e096633ecd6,dungeon_cave_v01_01_c1r2.tgm,Streaming/Content/data/balance/worldareas/g3_6_1.vworld,258892,626389
a4f6a28afeefa196,dungeon_cave_v01_01_c1r2.tgm.header,Content/data/balance/worldareas/mapuberboss_ritual.vworld,1972381,4770
3cfc0d525f37ef1a,dungeon_cave_v01_01_c1r3.tgm,Tiny.V2,25109619,1611
1a12db528afaf8fd,dungeon_cave_v01_01_c1r3.tgm.header,Tiny.VB,25008356,264
ecc976ba039d5889,dungeon_corridor_blocked_v01_01_c2r1.tgm,Streaming/Content/data/balance/worldareas/g3_6_1.vworld,3253448,294071
482c1934e735369f,dungeon_corridor_blocked_v01_01_c2r1.tgm.header,Tiny.V1,24963118,1770
0dfd57442d11c7bf,dungeon_corridor_blocked_v01_01_c2r2.tgm,Streaming/Content/data/balance/worldareas/g3_6_1.vworld,3547519,289801
2e2d886f0c60f0ee,dungeon_corridor_blocked_v01_01_c2r2.tgm.header,Content/data/balance/worldareas/mapuberboss_ritual.vworld,1985971,5690
1569cabe56b17ee5,dungeon_corridor_blocked_v01_01_c1r1.tgm,Streaming/Content/data/balance/worldareas/g3_6_1.vworld,2528911,724537
22736d2d079ea3f2,dungeon_corridor_blocked_v01_01_c1r1.tgm.header,Tiny.V4,25332590,3530
f33e3b9fd2ae6bbb,dungeon_corridor_blocked_v01_01_c1r2.tgm,Tiny.V9,25319761,1667
6a570f0c78a9b3b2,dungeon_corridor_blocked_v01_01_c1r2.tgm.header,Tiny.V0,25259966,264
55183cfd608e1859,dungeon_crumbled_corner_v01_01_c2r1.tgm,Streaming/Content/data/balance/worldareas/mapaugury.vworld,4949139,9757
3d3478bc7061695c,dungeon_crumbled_corner_v01_01_c2r1.tgm.header,Tiny.V7,24996029,290
7d9d49e67f7fa9b7,dungeon_crumbled_corner_v01_01_c2r2.tgm,Streaming/Content/data/balance/worldareas/mapaugury.vworld,4958896,416227
737dddf58a2b4365,dungeon_crumbled_corner_v01_01_c2r2.tgm.header,Tiny.VB,25008620,2450
a6d37e226742077c,dungeon_crumbled_corner_v01_01_c1r1.tgm,Streaming/Content/data/balance/worldareas/mapaugury.vworld,4216602,732537
4d5dfc800aedf74c,dungeon_crumbled_corner_v01_01_c1r1.tgm.header,Content/data/balance/worldareas/mapprecursortower.vworld,178137,5130
786670a3fa8eea60,dungeon_crumbled_corner_v01_01_c1r2.tgm,Tiny.V0,25260230,3905
02b3ca21310d182f,dungeon_crumbled_corner_v01_01_c1r2.tgm.header,Tiny.V4,25336120,264
b8923e7f72521d5a,dungeon_crumbled_wall_corner_concave_v01_01_c2r1.tgm,Streaming/Content/data/balance/worldareas/mapaugury.vworld,6485909,201761
2e0da24ac9c7f5a7,dungeon_crumbled_wall_corner_concave_v01_01_c2r1.tgm.header,Tiny.VE,24783200,3683
52e6f6f6e1bf999f,dungeon_crumbled_wall_corner_concave_v01_01_c2r2.tgm,Streaming/Content/data/balance/worldareas/mapaugury.vworld,6687670,9783
315ae18755066b7f,dungeon_crumbled_wall_corner_concave_v01_01_c2r2.tgm.header,Tiny.VE,24786883,330
5328c344fae34182,dungeon_crumbled_wall_corner_concave_v01_01_c1r1.tgm,Streaming/Content/data/balance/worldareas/mapaugury.vworld,5375123,896667
ce5b4f2908a35990,dungeon_crumbled_wall_corner_concave_v01_01_c1r1.tgm.header,Content/data/balance/worldareas/mapprecursortower.vworld,183267,4330
a90a0af56c21875b,dungeon_crumbled_wall_corner_concave_v01_01_c1r2.tgm,Streaming/Content/data/balance/worldareas/mapaugury.vworld,6271790,214119
fec71a62d50b429e,dungeon_crumbled_wall_corner_concave_v01_01_c1r2.tgm.header,Tiny.V7,24996319,3850
6df3065dbda4f1db,dungeon_ruinroofshadow_v01_01_c2r1.tgm,Streaming/Content/data/balance/worldareas/mapaugury.vworld,13809398,9013
d8a9a0b03f8b4250,dungeon_ruinroofshadow_v01_01_c2r1.tgm.header,Tiny.VB,25017500,290
7d3bce24a3e3a688,dungeon_ruinroofshadow_v01_01_c2r2.tgm,Streaming/Content/data/balance/worldareas/mapaugury.vworld,13818411,503055
b1d480e91ac215e8,dungeon_ruinroofshadow_v01_01_c2r2.tgm.header,Tiny.VB,25017790,2250
376daa083a0c1d3a,dungeon_ruinroofshadow_v01_01_c1r1.tgm,Streaming/Content/data/balance/worldareas/mapaugury.vworld,13789882,5689
15afe29d05c4bebd,dungeon_ruinroofshadow_v01_01_c1r1.tgm.header,Tiny.V7,25005269,290
4dfc8e9e64017246,dungeon_ruinroofshadow_v01_01_c1r2.tgm,Streaming/Content/data/balance/worldareas/mapaugury.vworld,13795571,13827
30d1dc2f743e40a2,dungeon_ruinroofshadow_v01_01_c1r2.tgm.header,Tiny.V1,24968126,1090
ef0e907eaf338af8,dungeon_ruinroofshadow_v01_02_c2r1.tgm,Streaming/Content/data/balance/worldareas/mapaugury.vworld,14666620,4569
b0f4ab9c70748f20,dungeon_ruinroofshadow_v01_02_c2r1.tgm.header,Tiny.V5,24536793,330
4153e0f7cc495a25,dungeon_ruinroofshadow_v01_02_c2r2.tgm,Streaming/Content/data/balance/worldareas/mapaugury.vworld,14671189,6181
418914a3ef210875,dungeon_ruinroofshadow_v01_02_c2r2.tgm.header,Tiny.V0,25273181,290
93e5471eff30afb0,dungeon_ruinroofshadow_v01_02_c1r1.tgm,Streaming/Content/data/balance/worldareas/mapaugury.vworld,14321466,6237
60d2145b11f4de83,dungeon_ruinroofshadow_v01_02_c1r1.tgm.header,Tiny.V1,24969216,330
d382fb4b5f29dcbe,dungeon_ruinroofshadow_v01_02_c1r2.tgm,Streaming/Content/data/balance/worldareas/mapaugury.vworld,14327703,338917
837129eb57504be3,dungeon_ruinroofshadow_v01_02_c1r2.tgm.header,Tiny.V6,24944977,1770
42a1b90bcc17c3f5,dungeon_ruinroofshadow_v02_01_c1r1.tgm,Streaming/Content/data/balance/worldareas/mapaugury.vworld,14677370,230811
71f6384832f62e4a,dungeon_ruinroofshadow_v02_01_c1r1.tgm.header,Tiny.V2,25118224,2450
755ba485be5c24b7,dungeon_ruinroofshadow_v02_01_c1r2.tgm,Streaming/Content/data/balance/worldareas/mapaugury.vworld,14908181,352785
299aa8b326094f39,dungeon_ruinroofshadow_v02_01_c1r2.tgm.header,Tiny.VE,24791037,2450
0acaaf1f2ad3dc15,dungeon_ruinroofshadow_v02_02_c1r1.tgm,Streaming/Content/data/balance/worldareas/mapaugury.vworld,15260966,336065
b00e688d82d014a7,dungeon_ruinroofshadow_v02_02_c1r1.tgm.header,Tiny.V1,24969546,2370
7ed76acd5bb43d55,dungeon_ruinroofshadow_v02_02_c1r2.tgm,Streaming/Content/data/balance/worldareas/mapaugury.vworld,15597031,339531
15816323f1f63a5d,dungeon_ruinroofshadow_v02_02_c1r2.tgm.header,Tiny.VF,25154121,2610
201cb7776c95ece5,dungeon_ruin_v01_05.tgm,Streaming/Content/data/balance/worldareas/mapvaalfactory.vworld,22178072,65831
7893222d49559bb1,dungeon_ruin_v01_05.tgm.header,Tiny.VF,25149662,1450
821513f95567d22e,dungeon_ruin_v01_06.tgm,Streaming/Content/data/balance/worldareas/mapvaalfactory.vworld,22243903,111255
2a22427436ba7b38,dungeon_ruin_v01_06.tgm.header,Tiny.VE,24787213,1530
f5bcaa74f70b4eaf,dungeon_ruin_v01_07.tgm,Streaming/Content/data/balance/worldareas/mapvaalfactory.vworld,22355158,55109
b70f4b77b1625e34,dungeon_ruin_v01_07.tgm.header,Tiny.VE,24788743,1450
5c4677a1530b6087,dungeon_ruin_v01_08.tgm,Streaming/Content/data/balance/worldareas/mapvaalfactory.vworld,22410267,74581
243ad9529c2bf108,dungeon_ruin_v01_08.tgm.header,Tiny.V6,24939776,1170
51f54169628aec0c,dungeon_ruin_v01_01.tgm,Streaming/Content/data/balance/worldareas/mapaugury.vworld,6697453,330987
90153733652a3be6,dungeon_ruin_v01_01.tgm.header,Tiny.V2,25111230,2250
b45c0e130b8c0264,dungeon_ruin_v01_02.tgm,Streaming/Content/data/balance/worldareas/mapaugury.vworld,7028440,318353
5095a965d2f5e4f2,dungeon_ruin_v01_02.tgm.header,Tiny.VB,25011070,2530
6027b21781b35e3d,dungeon_ruin_v01_03.tgm,Streaming/Content/data/balance/worldareas/mapaugury.vworld,7346793,370337
ce14eb4290040b0d,dungeon_ruin_v01_03.tgm.header,Tiny.VF,25147092,2570
be60dbfde7017667,dungeon_ruin_v01_04.tgm,Streaming/Content/data/balance/worldareas/mapaugury.vworld,7717130,271443
189533e0f80e4e49,dungeon_ruin_v01_04.tgm.header,Tiny.V5,24527828,2450
8e89217fb2ecd1fe,dungeon_ruin_v02_05_c1r1.tgm,Streaming/Content/data/balance/worldareas/mapvaalfactory.vworld,22484848,30141
0007cf3b7977987c,dungeon_ruin_v02_05_c1r1.tgm.header,Tiny.V8,25072791,410
0509df41d0b305e0,dungeon_ruin_v02_05_c1r2.tgm,Streaming/Content/data/balance/worldareas/mapvaalfactory.vworld,22514989,336749
bac87d139b6cf3e2,dungeon_ruin_v02_05_c1r2.tgm.header,Tiny.V5,24530278,3010
8d8fa8789fff9a82,dungeon_ruin_v02_06_c1r1.tgm,Streaming/Content/data/balance/worldareas/mapvaalfactory.vworld,22851738,71141
a14f46448fc7fcbc,dungeon_ruin_v02_06_c1r1.tgm.header,Tiny.VA,25147668,1130
b7636c0e84d8e40f,dungeon_ruin_v02_06_c1r2.tgm,Streaming/Content/data/balance/worldareas/mapvaalfactory.vworld,22922879,61435
a8fce8ab2d70b18f,dungeon_ruin_v02_06_c1r2.tgm.header,Tiny.V3,24826513,1410
9bce43c96ec2baa2,dungeon_ruin_v02_07_c1r1.tgm,Streaming/Content/data/balance/worldareas/mapvaalfactory.vworld,22984314,112695
a57dde0930af0bbf,dungeon_ruin_v02_07_c1r1.tgm.header,Tiny.V6,24940946,1570
951676e1de35a596,dungeon_ruin_v02_07_c1r2.tgm,Streaming/Content/data/balance/worldareas/mapvaalfactory.vworld,23097009,65999
a4fd1488370e2ed8,dungeon_ruin_v02_07_c1r2.tgm.header,Tiny.VA,25148798,1490
d140d06df915c96b,dungeon_ruin_v02_08_c1r1.tgm,Streaming/Content/data/balance/worldareas/mapvaalfactory.vworld,23163008,63757
fb6dee398a1ab765,dungeon_ruin_v02_08_c1r1.tgm.header,Tiny.V3,24827923,1490
b26520ad333616c4,dungeon_ruin_v02_08_c1r2.tgm,Streaming/Content/data/balance/worldareas/mapvaalfactory.vworld,23226765,78259
1a5caf15f9be48b6,dungeon_ruin_v02_08_c1r2.tgm.header,Tiny.V1,24966098,1210
cc28f11d1f3f7e64,dungeon_ruin_v02_01_c1r1.tgm,Streaming/Content/data/balance/worldareas/mapaugury.vworld,7988573,29885
244cfd15467e4ce8,dungeon_ruin_v02_01_c1r1.tgm.header,Tiny.VD,24856081,410
2f7fef6710c5752c,dungeon_ruin_v02_01_c1r2.tgm,Streaming/Content/data/balance/worldareas/mapaugury.vworld,8018458,673379
e31c957958022ff4,dungeon_ruin_v02_01_c1r2.tgm.header,Content/data/balance/worldareas/mapprecursortower.vworld,187597,4330
7b62b47f25bf503c,dungeon_ruin_v02_02_c1r1.tgm,Streaming/Content/data/balance/worldareas/mapuberboss_stonecitadel_quest.vworld,2796552,71009
d9643b2933ab9a0f,dungeon_ruin_v02_02_c1r1.tgm.header,Tiny.V8,25070171,1130
f91bdada2b14691c,dungeon_ruin_v02_02_c1r2.tgm,Streaming/Content/data/balance/worldareas/mapuberboss_stonecitadel_quest.vworld,2867561,582633
0e86e76eab269e2a,dungeon_ruin_v02_02_c1r2.tgm.header,Tiny.VB,25013600,3610
0e16909bcff49397,dungeon_ruin_v02_03_c1r1.tgm,Streaming/Content/data/balance/worldareas/mapuberboss_stonecitadel_quest.vworld,3450194,569061
a9cb5d67fb710d19,dungeon_ruin_v02_03_c1r1.tgm.header,Tiny.VA,25144058,3610
4f7e95959efae0cb,dungeon_ruin_v02_03_c1r2.tgm,Streaming/Content/data/balance/worldareas/mapuberboss_stonecitadel_quest.vworld,4019255,65777
a6eb4f509f2a6fe6,dungeon_ruin_v02_03_c1r2.tgm.header,Tiny.V8,25071301,1490
eb6d35b310eb63fe,dungeon_ruin_v02_04_c1r1.tgm,Streaming/Content/data/balance/worldareas/mapuberboss_stonecitadel_quest.vworld,4085032,495955
276d45f1b65790a0,dungeon_ruin_v02_04_c1r1.tgm.header,Tiny.VD,24856491,3490
a91e62f465320c53,dungeon_ruin_v02_04_c1r2.tgm,Streaming/Content/data/balance/worldareas/mapuberboss_stonecitadel_quest.vworld,4580987,77831
1521a91da0222c49,dungeon_ruin_v02_04_c1r2.tgm.header,Tiny.V1,24964888,1210
e947272482cf1300,dungeon_ruin_v03_02_c2r1.tgm,Streaming/Content/data/balance/worldareas/mapvaalfactory.vworld,23339348,7837
03d4e0815ad41ba5,dungeon_ruin_v03_02_c2r1.tgm.header,Tiny.VE,24790193,290
51a57777a70a3658,dungeon_ruin_v03_02_c2r2.tgm,Streaming/Content/data/balance/worldareas/mapvaalfactory.vworld,23347185,418555
fc6600c14ce821a4,dungeon_ruin_v03_02_c2r2.tgm.header,Tiny.VD,24859981,3850
48ade8e5d95d019a,dungeon_ruin_v03_02_c1r1.tgm,Streaming/Content/data/balance/worldareas/mapvaalfactory.vworld,23305024,5527
f72343328a44c234,dungeon_ruin_v03_02_c1r1.tgm.header,Tiny.V4,25336384,290
7d9e2a6d28ffd7a1,dungeon_ruin_v03_02_c1r2.tgm,Streaming/Content/data/balance/worldareas/mapvaalfactory.vworld,23310551,28797
885701291f06ce83,dungeon_ruin_v03_02_c1r2.tgm.header,Tiny.V9,25321428,1130
3d5df95ff493c4f8,dungeon_ruin_v03_01_c2r1.tgm,Streaming/Content/data/balance/worldareas/mapuberboss_stonecitadel_quest.vworld,4693084,7837
fe181e78b079ab5a,dungeon_ruin_v03_01_c2r1.tgm.header,Tiny.V3,24829413,290
2b944561bb5d1ab8,dungeon_ruin_v03_01_c2r2.tgm,Streaming/Content/data/balance/worldareas/mapuberboss_stonecitadel_quest.vworld,4700921,907235
0ea0c5e1560a183c,dungeon_ruin_v03_01_c2r2.tgm.header,Content/data/balance/worldareas/hideouttencentapocalypse.vworld,614176,5570
94f587e6351cf67a,dungeon_ruin_v03_01_c1r1.tgm,Streaming/Content/data/balance/worldareas/mapuberboss_stonecitadel_quest.vworld,4658818,5527
be8b7ad448b84d2c,dungeon_ruin_v03_01_c1r1.tgm.header,Tiny.VA,25150288,290
df23130b1100dd89,dungeon_ruin_v03_01_c1r2.tgm,Streaming/Content/data/balance/worldareas/mapuberboss_stonecitadel_quest.vworld,4664345,28739
553d6937b238df14,dungeon_ruin_v03_01_c1r2.tgm.header,Tiny.V0,25264135,1130
beefa73e7fa0ff9c,dungeon_ruin_v05_02_c3r1.tgm,Tiny.V3,24832422,1907
96b6cc43cb8e1100,dungeon_ruin_v05_02_c3r1.tgm.header,Tiny.V4,25337544,264
189818ca3cae66d5,dungeon_ruin_v05_02_c3r2.tgm,Streaming/Content/data/balance/worldareas/mapvaalfactory.vworld,24659275,5089
db6faa842747e64a,dungeon_ruin_v05_02_c3r2.tgm.header,Tiny.V3,24834329,290
2e033694494967c4,dungeon_ruin_v05_02_c3r3.tgm,Streaming/Content/data/balance/worldareas/mapvaalfactory.vworld,24664364,5431
119e2088b9a73a36,dungeon_ruin_v05_02_c3r3.tgm.header,Tiny.V6,24944423,290
676e49782829eb78,dungeon_ruin_v05_02_c2r1.tgm,Tiny.V0,25268400,3241
128f3448f42bcb8b,dungeon_ruin_v05_02_c2r1.tgm.header,Tiny.V9,25322848,290
4ecee6db6e9a1b36,dungeon_ruin_v05_02_c2r2.tgm,Streaming/Content/data/balance/worldareas/mapvaalfactory.vworld,23765740,893535
9e2752d3a3b540e5,dungeon_ruin_v05_02_c2r2.tgm.header,Content/data/balance/worldareas/mapvaalfactory.vworld,519933,4290
33bf065dfd7dd0a0,dungeon_ruin_v05_02_c2r3.tgm,Tiny.V5,24533578,2845
bcfb20e23aeb9ddc,dungeon_ruin_v05_02_c2r3.tgm.header,Tiny.V4,25337254,290
99278b70bac6446f,dungeon_ruin_v05_02_c1r1.tgm,Tiny.V3,24829703,2719
30994c2a389bcd16,dungeon_ruin_v05_02_c1r1.tgm.header,Tiny.VC,25150938,290
1f6d0291d506a6d7,dungeon_ruin_v05_02_c1r2.tgm,Tiny.V7,25001456,3403
e1bf22c7bd015311,dungeon_ruin_v05_02_c1r2.tgm.header,Tiny.V1,24967308,290
86fa11f8b9e62c37,dungeon_ruin_v05_02_c1r3.tgm,Tiny.VC,25151228,1287
0a856f99a37e79e3,dungeon_ruin_v05_02_c1r3.tgm.header,Tiny.VD,24864095,264
3baa51515c6d047f,dungeon_ruin_v05_01_c3r1.tgm,Tiny.V6,24942516,1907
938ea5d1571ed08a,dungeon_ruin_v05_01_c3r1.tgm.header,Tiny.VD,24863831,264
1a3b06eef642c328,dungeon_ruin_v05_01_c3r2.tgm,Streaming/Content/data/balance/worldareas/mapuberboss_stonecitadel_quest.vworld,7489719,5089
3c1ad226a27046ca,dungeon_ruin_v05_01_c3r2.tgm.header,Tiny.V4,25336674,290
7bdd6fdf9ec01486,dungeon_ruin_v05_01_c3r3.tgm,Streaming/Content/data/balance/worldareas/mapuberboss_stonecitadel_quest.vworld,7494808,5431
e144a0f9da64d791,dungeon_ruin_v05_01_c3r3.tgm.header,Tiny.V4,25336964,290
e300cab7d5d785a0,dungeon_ruin_v05_01_c2r1.tgm,Tiny.V2,25113480,3241
5aeb161c29a9e89e,dungeon_ruin_v05_01_c2r1.tgm.header,Tiny.V9,25322558,290
f06cab4c2d86199b,dungeon_ruin_v05_01_c2r2.tgm,Streaming/Content/data/balance/worldareas/mapuberboss_stonecitadel_quest.vworld,5608156,1881563
32d2c99769698789,dungeon_ruin_v05_01_c2r2.tgm.header,Content/data/balance/worldareas/hideouttencentapocalypse.vworld,619746,7290
2531c6746408a55c,dungeon_ruin_v05_01_c2r3.tgm,Tiny.V0,25265265,2845
ac2ee1fbd30e1b0b,dungeon_ruin_v05_01_c2r3.tgm.header,Tiny.V0,25268110,290
d27715ffaed5a4f9,dungeon_ruin_v05_01_c1r1.tgm,Tiny.VF,25151112,2719
3e2b655c4ceb0ba7,dungeon_ruin_v05_01_c1r1.tgm.header,Tiny.V5,24533288,290
52161368c6387356,dungeon_ruin_v05_01_c1r2.tgm,Tiny.VA,25150578,3403
531f2bce418fddc2,dungeon_ruin_v05_01_c1r2.tgm.header,Tiny.VF,25153831,290
e606a7d1ec833bd4,dungeon_ruin_v05_01_c1r3.tgm,Tiny.V7,25000169,1287
ff771b27104cc072,dungeon_ruin_v05_01_c1r3.tgm.header,Tiny.VD,24864095,264
1e3134753983ab37,dungeon_ruinedstraightwall_v01_01_c2r1.tgm,Streaming/Content/data/balance/worldareas/mapaugury.vworld,9966720,11587
395a350721c98d1e,dungeon_ruinedstraightwall_v01_01_c2r1.tgm.header,Tiny.V8,25073201,410
8d75230c3cedcee1,dungeon_ruinedstraightwall_v01_01_c2r2.tgm,Streaming/Content/data/balance/worldareas/mapaugury.vworld,9978307,425059
89f1a6daf66b8767,dungeon_ruinedstraightwall_v01_01_c2r2.tgm.header,Content/data/balance/worldareas/mapprecursortower.vworld,198297,4450
50b234ec042e9d09,dungeon_ruinedstraightwall_v01_01_c2r3.tgm,Tiny.VC,25152515,1611
4a016d40a71f0ce0,dungeon_ruinedstraightwall_v01_01_c2r3.tgm.header,Tiny.V1,24967598,264
6e2a97358ad6a7fb,dungeon_ruinedstraightwall_v01_01_c1r1.tgm,Streaming/Content/data/balance/worldareas/mapaugury.vworld,8691837,4909
a24ff66ab35aed3a,dungeon_ruinedstraightwall_v01_01_c1r1.tgm.header,Tiny.VB,25017210,290
af23851c5f1d7061,dungeon_ruinedstraightwall_v01_01_c1r2.tgm,Streaming/Content/data/balance/worldareas/mapaugury.vworld,8696746,1173699
0f0d76a46de75df6,dungeon_ruinedstraightwall_v01_01_c1r2.tgm.header,Content/data/balance/worldareas/mapprecursortower.vworld,191927,6370
c96aece784325c3f,dungeon_ruinedstraightwall_v01_01_c1r3.tgm,Streaming/Content/data/balance/worldareas/mapaugury.vworld,9870445,96275
34869b2435a910b2,dungeon_ruinedstraightwall_v01_01_c1r3.tgm.header,Tiny.V0,25271641,1170
f78bac2803d4c459,dungeon_ruinedstraightwall_v01_02_c2r1.tgm,Streaming/Content/data/balance/worldareas/mapaugury.vworld,11536970,15007
81d017715fefa90b,dungeon_ruinedstraightwall_v01_02_c2r1.tgm.header,Tiny.V7,25004859,410
aa3218c2f8eea64a,dungeon_ruinedstraightwall_v01_02_c2r2.tgm,Streaming/Content/data/balance/worldareas/mapaugury.vworld,11551977,414081
1b777fef7e0e31fc,dungeon_ruinedstraightwall_v01_02_c2r2.tgm.header,Content/data/balance/worldareas/mapprecursortower.vworld,209437,6170
c4f349544e9b7bcc,dungeon_ruinedstraightwall_v01_02_c2r3.tgm,Tiny.VC,25154126,1611
3d666e757bbbc6de,dungeon_ruinedstraightwall_v01_02_c2r3.tgm.header,Tiny.V1,24967862,264
ea8cb0e3c206830a,dungeon_ruinedstraightwall_v01_02_c1r1.tgm,Streaming/Content/data/balance/worldareas/mapaugury.vworld,10403366,4531
4643b73e58efdd8e,dungeon_ruinedstraightwall_v01_02_c1r1.tgm.header,Tiny.VE,24790483,290
453a63bbe7c00528,dungeon_ruinedstraightwall_v01_02_c1r2.tgm,Streaming/Content/data/balance/worldareas/mapaugury.vworld,10407897,1129073
6d1521a394e85e8e,dungeon_ruinedstraightwall_v01_02_c1r2.tgm.header,Content/data/balance/worldareas/mapprecursortower.vworld,202747,6690
df1d7ab9fc7d62ea,dungeon_ruinedstraightwall_v01_02_c1r3.tgm,Tiny.V8,25073611,1341
bd1e9d999b4083b5,dungeon_ruinedstraightwall_v01_02_c1r3.tgm.header,Tiny.VE,24790773,264
a99ea52498ff059f,dungeon_ruinedstraightwall_v02_01_c1r1.tgm,Streaming/Content/data/balance/worldareas/mapaugury.vworld,11966058,226801
ae53161d5f026366,dungeon_ruinedstraightwall_v02_01_c1r1.tgm.header,Tiny.V4,25337808,1330
253f5d1c5f3c6551,dungeon_ruinedstraightwall_v02_01_c1r2.tgm,Streaming/Content/data/balance/worldareas/mapaugury.vworld,12192859,655071
5191ee4059a2faf3,dungeon_ruinedstraightwall_v02_01_c1r2.tgm.header,Content/data/balance/worldareas/mapprecursortower.vworld,215607,6650
698417af4f2aabf5,dungeon_ruinedstraightwall_v02_02_c1r1.tgm,Streaming/Content/data/balance/worldareas/mapaugury.vworld,12847930,324053
c1f3a4f880981d37,dungeon_ruinedstraightwall_v02_02_c1r1.tgm.header,Tiny.V9,25323138,1410
1f158bd8c42b82c8,dungeon_ruinedstraightwall_v02_02_c1r2.tgm,Streaming/Content/data/balance/worldareas/mapaugury.vworld,13171983,617899
055307b922081bff,dungeon_ruinedstraightwall_v02_02_c1r2.tgm.header,Content/data/balance/worldareas/mapprecursortower.vworld,222257,9890
cbdd4e16f90111ab,dungeon_ruinedwall_v01_01_c3r1.tgm,Streaming/Content/data/balance/worldareas/g3_6_1.vworld,5876953,11321
8abcd3f34f0c5a0a,dungeon_ruinedwall_v01_01_c3r1.tgm.header,Tiny.V5,24536423,370
7ca1406c280e500a,dungeon_ruinedwall_v01_01_c3r2.tgm,Streaming/Content/data/balance/worldareas/g3_6_1.vworld,5888274,490647
b110a9f27025cb9d,dungeon_ruinedwall_v01_01_c3r2.tgm.header,Content/data/balance/worldareas/mapuberboss_ritual.vworld,2005681,6250
a6022522247a5030,dungeon_ruinedwall_v01_01_c3r3.tgm,Tiny.V4,25339138,2043
2a5e3877739d3728,dungeon_ruinedwall_v01_01_c3r3.tgm.header,Tiny.V6,24944713,264
bdb6a0226e9928fa,dungeon_ruinedwall_v01_01_c2r1.tgm,Streaming/Content/data/balance/worldareas/g3_6_1.vworld,4245706,4163
b8cb515f679ff4be,dungeon_ruinedwall_v01_01_c2r1.tgm.header,Tiny.V3,24834619,264
cd748bb84b431381,dungeon_ruinedwall_v01_01_c2r2.tgm,Streaming/Content/data/balance/worldareas/g3_6_1.vworld,4249869,1530159
edf09f572abd6ac4,dungeon_ruinedwall_v01_01_c2r2.tgm.header,Content/data/balance/worldareas/mapuberboss_ritual.vworld,1997511,8170
f7dd38e019890829,dungeon_ruinedwall_v01_01_c2r3.tgm,Streaming/Content/data/balance/worldareas/g3_6_1.vworld,5780028,96925
7ad1870e91abbc34,dungeon_ruinedwall_v01_01_c2r3.tgm.header,Tiny.V9,25324548,1170
524b72e1632b81d8,dungeon_ruinedwall_v01_01_c1r1.tgm,Tiny.V2,25116721,1503
55a0560d1c7de48d,dungeon_ruinedwall_v01_01_c1r1.tgm.header,Tiny.VC,25155737,264
91c50dd34f2dcec9,dungeon_ruinedwall_v01_01_c1r2.tgm,Streaming/Content/data/balance/worldareas/g3_6_1.vworld,3837320,395211
2fa6cbc7add04166,dungeon_ruinedwall_v01_01_c1r2.tgm.header,Content/data/balance/worldareas/mapuberboss_ritual.vworld,1991661,5850
5a515babe6fe2c37,dungeon_ruinedwall_v01_01_c1r3.tgm,Streaming/Content/data/balance/worldareas/g3_6_1.vworld,4232531,13175
ce8913c843e1a052,dungeon_ruinedwall_v01_01_c1r3.tgm.header,Tiny.V0,25272811,370
b7c9eaac70242dfa,dungeon_wall_cavein_v01_01.tgm,Streaming/Content/data/balance/worldareas/g3_6_1.vworld,6378921,615197
e810eaf1c796f1b6,dungeon_wall_cavein_v01_01.tgm.header,Tiny.VA,25153981,3450
178e9ecbc503dbfa,dungeon_wall_fallen_v01_03_c3r1.tgm,Tiny.V9,25327312,1935
3f390570b22573a2,dungeon_wall_fallen_v01_03_c3r1.tgm.header,Tiny.V6,24947011,264
560996ab94397f3f,dungeon_wall_fallen_v01_03_c3r2.tgm,Streaming/Content/data/balance/worldareas/g3_6_1.vworld,8948507,415379
b41209263dff2200,dungeon_wall_fallen_v01_03_c3r2.tgm.header,Tiny.VF,25156731,3130
5e6d1ad75b914ceb,dungeon_wall_fallen_v01_03_c3r3.tgm,Streaming/Content/data/balance/worldareas/g3_6_1.vworld,9363886,450751
bc7787c190687432,dungeon_wall_fallen_v01_03_c3r3.tgm.header,Tiny.V0,25273471,3890
b7f89e403072e8fa,dungeon_wall_fallen_v01_03_c3r4.tgm,Tiny.VD,24865369,2135
1ff16ab5f79c4ca6,dungeon_wall_fallen_v01_03_c3r4.tgm.header,Tiny.VB,25020040,264
8a33b94deea22369,dungeon_wall_fallen_v01_03_c2r1.tgm,Streaming/Content/data/balance/worldareas/g3_6_1.vworld,7113520,286259
11ed9f50a520d37d,dungeon_wall_fallen_v01_03_c2r1.tgm.header,Tiny.V9,25325982,1330
7da22f17140c5357,dungeon_wall_fallen_v01_03_c2r2.tgm,Streaming/Content/data/balance/worldareas/g3_6_1.vworld,7399779,188105
125ec1c8e9c13200,dungeon_wall_fallen_v01_03_c2r2.tgm.header,Tiny.VA,25157431,1330
45a4157c8429e48c,dungeon_wall_fallen_v01_03_c2r3.tgm,Streaming/Content/data/balance/worldareas/g3_6_1.vworld,7587884,1360623
9622451f68cfaca9,dungeon_wall_fallen_v01_03_c2r3.tgm.header,Content/data/balance/worldareas/mapuberboss_ritual.vworld,2011931,5290
dc44a8101f86076b,dungeon_wall_fallen_v01_03_c2r4.tgm,Tiny.V8,25074952,2177
03ea5d2038b1eb1a,dungeon_wall_fallen_v01_03_c2r4.tgm.header,Tiny.V2,25120674,264
cdb79e2553de2a6f,dungeon_wall_fallen_v01_03_c1r1.tgm,Streaming/Content/data/balance/worldareas/g3_6_1.vworld,6994118,5387
2cef417c87feca88,dungeon_wall_fallen_v01_03_c1r1.tgm.header,Tiny.V9,25325718,264
c50d5dc96f389783,dungeon_wall_fallen_v01_03_c1r2.tgm,Tiny.VE,24793487,1989
4f86c4a48f97a295,dungeon_wall_fallen_v01_03_c1r2.tgm.header,Tiny.VE,24795476,264
59424aa36ca0e4ce,dungeon_wall_fallen_v01_03_c1r3.tgm,Tiny.V5,24537123,1293
9d53c061d612d2e6,dungeon_wall_fallen_v01_03_c1r3.tgm.header,Tiny.V6,24946747,264
ed4599088a726380,dungeon_wall_fallen_v01_03_c1r4.tgm,Streaming/Content/data/balance/worldareas/g3_6_1.vworld,6999505,114015
9abc0fe87ba64884,dungeon_wall_fallen_v01_03_c1r4.tgm.header,Tiny.VD,24864359,1010
f7465d303b362420,machinairum_entrance_01_c3r1.tgm,Streaming/Content/data/balance/worldareas/mapvaalfactory.vworld,25942090,185461
cb20ea8ae170ce50,machinairum_entrance_01_c3r1.tgm.header,Tiny.VC,25157217,850
d9c0ff1906ab67eb,machinairum_entrance_01_c3r2.tgm,Streaming/Content/data/worldareas/DE/delirium_act3town.vworld,0,60859
f9e684a8c2da59a6,machinairum_entrance_01_c3r2.tgm.header,Tiny.V9,25332471,498
6a03736e951031f6,machinairum_entrance_01_c3r3.tgm,Streaming/Content/data/worldareas/36/p2_3.vworld,641722,166337
49d77209626ecd66,machinairum_entrance_01_c3r3.tgm.header,Tiny.V6,24948373,850
b553459dc1a2a10e,machinairum_entrance_01_c2r1.tgm,Tiny.VD,24867928,1951
f168a122999716c8,machinairum_entrance_01_c2r1.tgm.header,Tiny.V6,24947275,424
fe8324eb777f3ac4,machinairum_entrance_01_c2r2.tgm,Streaming/Content/data/balance/worldareas/mapvaalfactory.vworld,25735763,206327
67858738f0409693,machinairum_entrance_01_c2r2.tgm.header,Tiny.V6,24947699,674
6db5ac7448172841,machinairum_entrance_01_c2r3.tgm,Streaming/Content/data/worldareas/36/p2_3.vworld,433073,208649
6fef347fbdac054a,machinairum_entrance_01_c2r3.tgm.header,Tiny.VC,25156543,674
7574c89b9878e4cc,machinairum_entrance_01_c1r1.tgm,Streaming/Content/data/worldareas/9A/p2_3.vworld,237759,102289
d1953ab9cce9f249,machinairum_entrance_01_c1r1.tgm.header,Tiny.VC,25156001,542
13b84730a2bf4f14,machinairum_entrance_01_c1r2.tgm,Tiny.V3,24837285,1419
81269a6d28d3efe0,machinairum_entrance_01_c1r2.tgm.header,Tiny.VE,24796618,424
4e3662c9a19d669c,machinairum_entrance_01_c1r3.tgm,Streaming/Content/data/worldareas/15/delirium_act3town.vworld,0,199549
6a2c80b870b63687,machinairum_entrance_01_c1r3.tgm.header,Tiny.V9,25331753,718
df553b944a359c1d,machinairum_entrance_02_c3r1.tgm,Streaming/Content/data/balance/worldareas/g3_6_1.vworld,9814637,190519
e5583811ddc83494,machinairum_entrance_02_c3r1.tgm.header,Tiny.V3,24839552,850
dec9e120d26a5a98,machinairum_entrance_02_c3r2.tgm,Streaming/Content/data/balance/worldareas/g3_6_1.vworld,10005156,113383
3135d0cbee71795e,machinairum_entrance_02_c3r2.tgm.header,Tiny.VD,24870727,630
a050e51da06ac970,machinairum_entrance_02_c3r3.tgm,Streaming/Content/data/balance/worldareas/g3_6_1.vworld,10118539,854787
1449405cd85767fc,machinairum_entrance_02_c3r3.tgm.header,Tiny.V0,25284866,2214
579962b1104e85b1,machinairum_entrance_02_c2r1.tgm,Tiny.V0,25282119,2323
fc3fbe56337fdda8,machinairum_entrance_02_c2r1.tgm.header,Tiny.V3,24839128,424
5282d3f21739228d,machinairum_entrance_02_c2r2.tgm,Tiny.V7,25007537,1243
ee5f974397843f58,machinairum_entrance_02_c2r2.tgm.header,Tiny.V0,25284442,424
98da9ea57d42eb46,machinairum_entrance_02_c2r3.tgm,Tiny.V5,24539426,1743
0a61b44adfb3622d,machinairum_entrance_02_c2r3.tgm.header,Tiny.VD,24870303,424
df6488e2d68a9731,machinairum_entrance_02_c1r1.tgm,Tiny.V9,25332969,1959
06213738dad19d3b,machinairum_entrance_02_c1r1.tgm.header,Tiny.VD,24869879,424
88efd8455d476590,machinairum_entrance_02_c1r2.tgm,Tiny.V4,25342149,1543
ecddb0ee077a9a2e,machinairum_entrance_02_c1r2.tgm.header,Tiny.VC,25158067,424
3433eba1e1a0c30f,machinairum_entrance_02_c1r3.tgm,Tiny.VC,25158491,1635
eecf27c017b2f25e,machinairum_entrance_02_c1r3.tgm.header,Tiny.V3,24838704,424
a84734cca5e839ec,construct_03.tgm,Streaming/Content/data/worldareas/8F/mapswamptower_noboss.vworld,5592580,156681
c615308222cd0125,construct_03.tgm.header,Tiny.V0,25257056,536
1e048dfcb38af904,construct_04.tgm,Streaming/Content/data/balance/worldareas/AF/mapvaalfactory.vworld,0,1293945
fbdfbcd5d45aabfc,construct_04.tgm.header,Tiny.VD,24847053,2604
c3c0b91b88494556,construct_05.tgm,Streaming/Content/data/balance/worldareas/mapvaalfactory.vworld,16433932,1249071
11b501b84816a090,construct_05.tgm.header,Tiny.V4,25324744,2648
4a55289435d46249,construct_06.tgm,Streaming/Content/data/balance/worldareas/69/mapvaalfactory.vworld,0,1215559
a345ddd6eea8a02d,construct_06.tgm.header,Tiny.V4,25327392,2648
5349c0f921f726b7,construct_07.tgm,Streaming/Content/data/balance/worldareas/mapvaalfactory.vworld,17683003,1184033
2834f5ced9d2e798,construct_07.tgm.header,Tiny.V6,24933744,2604
40025ad9652ebfb0,construct_09.tgm,Streaming/Content/data/worldareas/85/mapswamptower_noboss.vworld,0,1409121
b8d6455d77e63e38,construct_09.tgm.header,Tiny.VF,25142676,2648
4ae92a12131895ea,construct_08.tgm,Streaming/Content/data/balance/worldareas/mapvaalfactory.vworld,18867036,246839
50350d181b227d38,construct_08.tgm.header,Tiny.VC,25146175,424
d4ea58653cc5658a,construct_01.tgm,Streaming/Content/data/balance/worldareas/mapvaalfactory.vworld,13074620,357257
0d92aa5366050866,construct_01.tgm.header,Tiny.VD,24841661,888
47bc28dc6df59fdf,construct_010.tgm,Streaming/Content/data/balance/worldareas/mapvaalfactory.vworld,13431877,1202167
435081066f69bd10,construct_010.tgm.header,Tiny.VC,25142243,3264
9a1766602b7f9b18,construct_011.tgm,Streaming/Content/data/balance/worldareas/mapvaalfactory.vworld,14634044,1223723
893d24464b289c00,construct_011.tgm.header,Tiny.VB,25000948,3440
0d7bb32e9ee250e0,construct_012.tgm,Streaming/Content/data/balance/worldareas/27/mapvaalfactory.vworld,0,1776999
89ad31c4082f2c5b,construct_012.tgm.header,Tiny.V9,25310914,3748
8660310db92a842f,construct_013.tgm,Streaming/Content/data/balance/worldareas/E2/mapvaalfactory.vworld,0,1857187
17772414853e6806,construct_013.tgm.header,Tiny.VD,24842549,3836
f6e17b4990d378bc,construct_014.tgm,Streaming/Content/data/worldareas/A2/mapswamptower_noboss.vworld,0,1762253
982fb75cd4568c95,construct_014.tgm.header,Tiny.VB,25004388,3968
206a74430fee705d,construct_015.tgm,Streaming/Content/data/worldareas/B1/mapswamptower.vworld,0,76047
2393270f7970cb08,construct_015.tgm.header,Tiny.V7,24994849,424
ac12dd943096a10c,construct_016.tgm,Streaming/Content/data/balance/worldareas/mapvaalfactory.vworld,15857767,34427
ed30abdf48547f3c,construct_016.tgm.header,Tiny.V9,25314662,424
45751842fc528305,construct_017.tgm,Streaming/Content/data/balance/worldareas/mapvaalfactory.vworld,15892194,451047
316de20f77e6fece,construct_017.tgm.header,Tiny.V1,24962626,492
0fbed483e4eeadd2,construct_018.tgm,Streaming/Content/data/balance/worldareas/mapvaalfactory.vworld,16343241,90691
29bf480ca2b40834,construct_018.tgm.header,Tiny.V7,24995273,492
47e8604aed1ec4a2,construct_019.tgm,Streaming/Content/data/balance/worldareas/10/abyss_boss2.vworld,499172,459805
60809146a4b1f85f,construct_019.tgm.header,Tiny.VD,24846385,668
2351f5d7b60c98fb,construct_02.tgm,Streaming/Content/data/worldareas/89/mapfortress.vworld,546795,227741
672b8cadac14cdc9,construct_02.tgm.header,Tiny.VC,25145507,668
a01e52acc972ec62,construct_020.tgm,Streaming/Content/data/worldareas/75/mapswamptower_noboss.vworld,174924,631091
3ca85f1d6bb6dd68,construct_020.tgm.header,Tiny.V5,24525635,536
7c7c7f8655163a9d,circle_stair_01_c2r1.tgm,Streaming/Content/data/balance/worldareas/1D/mapvaalfactory.vworld,2162119,203471
076aa4fac1c7c5b5,circle_stair_01_c2r1.tgm.header,Tiny.V1,24961968,658
ecbadb7d2fd55fb2,circle_stair_01_c2r2.tgm,Streaming/Content/data/balance/worldareas/mapvaalfactory.vworld,12847289,227331
ad6cb253438852b4,circle_stair_01_c2r2.tgm.header,Tiny.VD,24841003,658
05597063c6a7ca03,circle_stair_01_c1r1.tgm,Streaming/Content/data/balance/worldareas/mapvaalfactory.vworld,12796163,18637
9a3159830e5b662c,circle_stair_01_c1r1.tgm.header,Tiny.V8,25065907,306
feb8000ae4a0f56b,circle_stair_01_c1r2.tgm,Streaming/Content/data/balance/worldareas/mapvaalfactory.vworld,12814800,32489
bf8048aee2d87f29,circle_stair_01_c1r2.tgm.header,Tiny.VE,24782894,306
f195277dc8d262d3,thickwallconcave_round_01.tgm,Streaming/Content/data/balance/worldareas/44/null.vworld,617217,314615
5e26309e4d49be04,thickwallconcave_round_01.tgm.header,Tiny.VE,24797042,790
b191feb121392687,thickwallcurvest_01.tgm,Streaming/Content/data/balance/worldareas/D6/mapgrimhaven.vworld,269167,214327
7f441467f598ca04,thickwallcurvest_01.tgm.header,Tiny.V5,24544702,482
8aa94c79eb421949,thickwallcurvecv_01_c2r1.tgm,Streaming/Content/data/balance/worldareas/mapvaalfactory.vworld,27843161,33709
8cc3bf5bb13ad42f,thickwallcurvecv_01_c2r1.tgm.header,Tiny.V6,24952535,306
97af3028e1695bc1,thickwallcurvecv_01_c2r2.tgm,Streaming/Content/data/balance/worldareas/32/mapswamptower.vworld,182097,308137
948a3f29fd48f7ae,thickwallcurvecv_01_c2r2.tgm.header,Tiny.VA,25161833,438
d180f360b3c25c85,thickwallcurvecv_01_c1r1.tgm,Streaming/Content/data/balance/worldareas/6A/mapvaalfactory.vworld,699212,308641
1bcb67ec58b101b0,thickwallcurvecv_01_c1r1.tgm.header,Tiny.V3,24842288,438
aae28b440d3ec505,thickwallcurvecv_01_c1r2.tgm,Streaming/Content/data/balance/worldareas/mapvaalfactory.vworld,27745074,98087
709080be8108b495,thickwallcurvecv_01_c1r2.tgm.header,Tiny.V1,24975329,347
fbea0eb0b47675c5,thickwallcurvecc_02_c3r1.tgm,Streaming/Content/data/balance/worldareas/g1_2.vworld,444838,296457
ed7008c3ac1dfa3f,thickwallcurvecc_02_c3r1.tgm.header,Tiny.V0,25287080,482
5fcf3731976019e4,thickwallcurvecc_02_c3r2.tgm,Tiny.V5,24541651,2313
05b5ea93747b63fe,thickwallcurvecc_02_c3r2.tgm.header,Tiny.VE,24798096,264
fbd5cd16717e383c,thickwallcurvecc_02_c3r3.tgm,Tiny.V1,24973586,1743
eb49826d9b4495ae,thickwallcurvecc_02_c3r3.tgm.header,Tiny.V3,24841760,264
547b1de43a738a2c,thickwallcurvecc_02_c2r1.tgm,Streaming/Content/data/balance/worldareas/mapvaalfactory.vworld,27282896,260977
6df733fbef15ee6e,thickwallcurvecc_02_c2r1.tgm.header,Tiny.VA,25160649,482
f4487c883b1b99c6,thickwallcurvecc_02_c2r2.tgm,Streaming/Content/data/balance/worldareas/mapvaalfactory.vworld,27543873,201201
be2cad4be05f64b4,thickwallcurvecc_02_c2r2.tgm.header,Tiny.VA,25161131,438
ce33238109166273,thickwallcurvecc_02_c2r3.tgm,Tiny.V4,25349714,1341
4517d8b5642351ad,thickwallcurvecc_02_c2r3.tgm.header,Tiny.VC,25160126,264
bbe138e67003b8f0,thickwallcurvecc_02_c1r1.tgm,Streaming/Content/data/balance/worldareas/mapvaalfactory.vworld,26705127,7219
320abc800d3d7cf0,thickwallcurvecc_02_c1r1.tgm.header,Tiny.V3,24840402,394
4edd2f291ca2160c,thickwallcurvecc_02_c1r2.tgm,Streaming/Content/data/balance/worldareas/mapvaalfactory.vworld,26712346,274007
5891e01f33d55784,thickwallcurvecc_02_c1r2.tgm.header,Tiny.V3,24840796,482
6f6e3fbb9916afdf,thickwallcurvecc_02_c1r3.tgm,Streaming/Content/data/balance/worldareas/mapvaalfactory.vworld,26986353,296543
fec06f5d4e8fbc63,thickwallcurvecc_02_c1r3.tgm.header,Tiny.V3,24841278,482
58f13dd07fca5961,thickwallcurvecc_01_c3r1.tgm,Streaming/Content/data/balance/worldareas/C9/mapport.vworld,463079,282389
9a070dae1470630e,thickwallcurvecc_01_c3r1.tgm.header,Tiny.V4,25349232,482
110a76b6c9d082d8,thickwallcurvecc_01_c3r2.tgm,Streaming/Content/data/balance/worldareas/98/mapvaalfactory.vworld,0,28901
1d829f4cc2f3e5db,thickwallcurvecc_01_c3r2.tgm.header,Tiny.V7,25008780,350
13b05b580b5dc08a,thickwallcurvecc_01_c3r3.tgm,Tiny.V7,25009130,1713
1882a117e2458335,thickwallcurvecc_01_c3r3.tgm.header,Tiny.VE,24797832,264
3c81a55e3eb0b056,thickwallcurvecc_01_c2r1.tgm,Streaming/Content/data/balance/worldareas/mapvaalfactory.vworld,26229002,120813
750addf1f42b705b,thickwallcurvecc_01_c2r1.tgm.header,Tiny.VD,24871357,438
018502747f246961,thickwallcurvecc_01_c2r2.tgm,Streaming/Content/data/balance/worldareas/mapvaalfactory.vworld,26349815,326027
f85b4d669aeb0f59,thickwallcurvecc_01_c2r2.tgm.header,Tiny.V5,24541169,482
ce7e726f39dc5032,thickwallcurvecc_01_c2r3.tgm,Streaming/Content/data/balance/worldareas/mapvaalfactory.vworld,26675842,29285
7748f84c4a328970,thickwallcurvecc_01_c2r3.tgm.header,Tiny.VA,25160299,350
c2939e2af12b592d,thickwallcurvecc_01_c1r1.tgm,Tiny.VF,25160211,3971
2f3fb382a8894b18,thickwallcurvecc_01_c1r1.tgm.header,Tiny.V6,24949223,264
afa03b9b0911e314,thickwallcurvecc_01_c1r2.tgm,Streaming/Content/data/balance/worldareas/mapvaalfactory.vworld,26127551,101451
5fce8ff8deb3428f,thickwallcurvecc_01_c1r2.tgm.header,Tiny.V2,25123692,438
f6537e2fe5cccf27,thickwallcurvecc_01_c1r3.tgm,Streaming/Content/data/balance/worldareas/35/mapvaalfactory.vworld,0,280587
d724188ea2f1fca4,thickwallcurvecc_01_c1r3.tgm.header,Tiny.V8,25078755,482
26f6d9e0329dd16f,thickwallcurvecccv_02_c3r1.tgm,Streaming/Content/data/balance/worldareas/p3_7.vworld.2,1018653,289969
e6bf6f041ae274a0,thickwallcurvecccv_02_c3r1.tgm.header,Tiny.VF,25164182,438
3c4f567c692ab5d3,thickwallcurvecccv_02_c3r2.tgm,Tiny.VB,25021184,2205
62fcf1f245b12d47,thickwallcurvecccv_02_c3r2.tgm.header,Tiny.V3,24842024,264
cb19533da89d706f,thickwallcurvecccv_02_c3r3.tgm,Streaming/Content/data/balance/worldareas/p3_7.vworld.2,1308622,315447
aacf29951d7e23f7,thickwallcurvecccv_02_c3r3.tgm.header,Tiny.V8,25079895,790
a8ad8ce0526706b8,thickwallcurvecccv_02_c2r1.tgm,Streaming/Content/data/balance/worldareas/p3_7.vworld.2,564283,253847
0bb9fcfab22cfa53,thickwallcurvecccv_02_c2r1.tgm.header,Tiny.VB,25020746,438
139637f05f77f8bd,thickwallcurvecccv_02_c2r2.tgm,Streaming/Content/data/balance/worldareas/p3_7.vworld.2,818130,200523
e1bc059add37418f,thickwallcurvecccv_02_c2r2.tgm.header,Tiny.V8,25079237,394
7318abb8c74a7730,thickwallcurvecccv_02_c2r3.tgm,Tiny.V9,25339145,1287
bf08249f90ab076d,thickwallcurvecccv_02_c2r3.tgm.header,Tiny.V8,25079631,264
d51acb8f10fccdd2,thickwallcurvecccv_02_c1r1.tgm,Streaming/Content/data/balance/worldareas/p3_7.vworld.2,0,6297
6934effa8b9128f6,thickwallcurvecccv_02_c1r1.tgm.header,Tiny.V4,25351055,350
29cbafc52bb6f84b,thickwallcurvecccv_02_c1r2.tgm,Streaming/Content/data/balance/worldareas/p3_7.vworld.2,6297,267081
e73f93e1bdbabe1d,thickwallcurvecccv_02_c1r2.tgm.header,Tiny.VE,24799015,438
253b4a001ec87366,thickwallcurvecccv_02_c1r3.tgm,Streaming/Content/data/balance/worldareas/p3_7.vworld.2,273378,290905
a64d171ceaa00cff,thickwallcurvecccv_02_c1r3.tgm.header,Tiny.VC,25162505,438
ea987425e5c40790,thickwallcurvecccv_01_c3r1.tgm,Streaming/Content/data/balance/worldareas/g3_15.vworld,1197336,290203
d4bc2542401b5901,thickwallcurvecccv_01_c3r1.tgm.header,Tiny.VC,25162114,391
3df36973ea931df2,thickwallcurvecccv_01_c3r2.tgm,Tiny.V6,24949487,2305
4ea41c18501d0ba6,thickwallcurvecccv_01_c3r2.tgm.header,Tiny.VE,24798751,264
0f7aa37da5bce893,thickwallcurvecccv_01_c3r3.tgm,Streaming/Content/data/balance/worldareas/g3_15.vworld,1487539,315337
75d05872a9188461,thickwallcurvecccv_01_c3r3.tgm.header,Tiny.V6,24951792,743
67afbdfc48c8a19a,thickwallcurvecccv_01_c2r1.tgm,Streaming/Content/data/balance/worldareas/g3_15.vworld,743252,253687
4ae34c34b4361b11,thickwallcurvecccv_01_c2r1.tgm.header,Tiny.VC,25160390,391
9b5f0309984d9a44,thickwallcurvecccv_01_c2r2.tgm,Streaming/Content/data/balance/worldareas/g3_15.vworld,996939,200397
fc20367244e6e08a,thickwallcurvecccv_01_c2r2.tgm.header,Tiny.V5,24544355,347
68429f2881c01b70,thickwallcurvecccv_01_c2r3.tgm,Tiny.VC,25160781,1333
a9328b1cc63c2980,thickwallcurvecccv_01_c2r3.tgm.header,Tiny.VA,25161569,264
6474e75b49e4bf57,thickwallcurvecccv_01_c1r1.tgm,Streaming/Content/data/balance/worldareas/g3_15.vworld,179525,6337
1dde5ad5ab84111d,thickwallcurvecccv_01_c1r1.tgm.header,Tiny.V9,25338842,303
05caffc171156dd4,thickwallcurvecccv_01_c1r2.tgm,Streaming/Content/data/balance/worldareas/g3_15.vworld,185862,266901
723b7b5a88b2b1b8,thickwallcurvecccv_01_c1r2.tgm.header,Tiny.VE,24798360,391
b4adeb254a887130,thickwallcurvecccv_01_c1r3.tgm,Streaming/Content/data/balance/worldareas/g3_15.vworld,452763,290489
180e0c2c8088c631,thickwallcurvecccv_01_c1r3.tgm.header,Tiny.V5,24543964,391
c81df7951944efcf,thickwallhallst_01_c3r1.tgm,Streaming/Content/data/balance/worldareas/g3_6_1.vworld,11996134,256375
027630a506d93715,thickwallhallst_01_c3r1.tgm.header,Tiny.VD,24871795,479
6b9638d255f35a7b,thickwallhallst_01_c3r2.tgm,Tiny.V9,25340432,2467
317eb7616277b394,thickwallhallst_01_c3r2.tgm.header,Tiny.V1,24975676,264
4d13973e71e60475,thickwallhallst_01_c3r3.tgm,Streaming/Content/data/balance/worldareas/g3_6_1.vworld,12252509,255483
27c59de35f9497cd,thickwallhallst_01_c3r3.tgm.header,Tiny.VD,24872274,479
3032899f0243dfe9,thickwallhallst_01_c2r1.tgm,Streaming/Content/data/balance/worldareas/g3_6_1.vworld,11485268,255841
d9795fef8f6dde38,thickwallhallst_01_c2r1.tgm.header,Tiny.V5,24546186,479
5e999ba8f45eed68,thickwallhallst_01_c2r2.tgm,Tiny.V6,24952841,1789
49b471c703f24d61,thickwallhallst_01_c2r2.tgm.header,Tiny.VF,25164620,264
bc4f9ab773aa1349,thickwallhallst_01_c2r3.tgm,Streaming/Content/data/balance/worldareas/g3_6_1.vworld,11741109,255025
0be50d01ad8c5b42,thickwallhallst_01_c2r3.tgm.header,Tiny.V7,25010843,523
dfa7beecce6f44aa,thickwallhallst_01_c1r1.tgm,Streaming/Content/data/balance/worldareas/g3_6_1.vworld,10973326,255993
66b010efae1efcbd,thickwallhallst_01_c1r1.tgm.header,Tiny.V5,24545184,479
94bbcb3a78d79783,thickwallhallst_01_c1r2.tgm,Tiny.V3,24842726,1765
2c4c0a7e30f09b25,thickwallhallst_01_c1r2.tgm.header,Tiny.VC,25162943,264
a2015fb2378f14c1,thickwallhallst_01_c1r3.tgm,Streaming/Content/data/balance/worldareas/g3_6_1.vworld,11229319,255949
fd162052ffaa2227,thickwallhallst_01_c1r3.tgm.header,Tiny.V5,24545663,523
653a1ad4e0c2a9c7,thickwallhallst_02_c1r1.tgm,Streaming/Content/data/balance/worldareas/g3_6_1.vworld,12507992,259265
d12813b89c15f9ef,thickwallhallst_02_c1r1.tgm.header,Tiny.V1,24975940,567
5cf0068e78318248,thickwallhallst_02_c1r2.tgm,Streaming/Content/data/balance/worldareas/g3_6_1.vworld,12767257,4541
0e9539fe3cc6d474,thickwallhallst_02_c1r2.tgm.header,Tiny.V6,24954630,264
edfea8fe58ce4630,thickwallhallst_02_c1r3.tgm,Streaming/Content/data/balance/worldareas/g3_6_1.vworld,12771798,259091
6cea85018f8cc517,thickwallhallst_02_c1r3.tgm.header,Tiny.VE,24799453,611
023728223ca05156,thickwallhallstdoor_01_c3r1.tgm,Streaming/Content/data/balance/worldareas/g3_6_1.vworld,14284849,503955
f9cd1fb22b3c1188,thickwallhallstdoor_01_c3r1.tgm.header,Tiny.V6,24954894,699
1064504cb51f0b03,thickwallhallstdoor_01_c3r2.tgm,Tiny.V6,24955593,2575
be0fce71ff1e82a8,thickwallhallstdoor_01_c3r2.tgm.header,Tiny.V9,25343510,264
35a20e32a320a844,thickwallhallstdoor_01_c3r3.tgm,Streaming/Content/data/balance/worldareas/g3_6_1.vworld,14788804,256223
d21f6550288b18c3,thickwallhallstdoor_01_c3r3.tgm.header,Tiny.V8,25080685,523
38a1a2c5edf7d7c4,thickwallhallstdoor_01_c2r1.tgm,Streaming/Content/data/balance/worldareas/g3_6_1.vworld,13798345,228717
e06d8e62defb399a,thickwallhallstdoor_01_c2r1.tgm.header,Tiny.V9,25342899,611
d1bf920e2e127ad7,thickwallhallstdoor_01_c2r2.tgm,Tiny.V5,24546929,3839
4f10bc6f1dbdeae8,thickwallhallstdoor_01_c2r2.tgm.header,Tiny.VC,25167025,264
843650690fa09826,thickwallhallstdoor_01_c2r3.tgm,Streaming/Content/data/balance/worldareas/g3_6_1.vworld,14027062,257787
cfcc3609f98efa89,thickwallhallstdoor_01_c2r3.tgm.header,Tiny.VB,25024132,655
69d17a46f6d9ea87,thickwallhallstdoor_01_c1r1.tgm,Streaming/Content/data/balance/worldareas/g3_6_1.vworld,13030889,510251
b27460e456a125a8,thickwallhallstdoor_01_c1r1.tgm.header,Tiny.VB,25023389,743
f0caab9e6ee0f280,thickwallhallstdoor_01_c1r2.tgm,Tiny.VC,25163207,3207
1559aec1dfef29d1,thickwallhallstdoor_01_c1r2.tgm.header,Tiny.V5,24546665,264
13abc34ce4abe429,thickwallhallstdoor_01_c1r3.tgm,Streaming/Content/data/balance/worldareas/g3_6_1.vworld,13541140,257205
49517b27b7dd5ee5,thickwallhallstdoor_01_c1r3.tgm.header,Tiny.VC,25166414,611
0583b236dd0b9cb7,thickwallhallstdoor_02_c3r1.tgm,Streaming/Content/data/balance/worldareas/g3_6_1.vworld,16514539,503297
4d0f6e6a611656ba,thickwallhallstdoor_02_c3r1.tgm.header,Tiny.V0,25287562,699
0467cd95f2645e66,thickwallhallstdoor_02_c3r2.tgm,Tiny.VC,25170172,2143
59619f2531608651,thickwallhallstdoor_02_c3r2.tgm.header,Tiny.V4,25351405,264
36763950f81122ae,thickwallhallstdoor_02_c3r3.tgm,Streaming/Content/data/balance/worldareas/g3_6_1.vworld,17017836,504901
68a56deda4f6ac60,thickwallhallstdoor_02_c3r3.tgm.header,Tiny.VE,24800064,743
07e4a5d847f098b3,thickwallhallstdoor_02_c2r1.tgm,Streaming/Content/data/balance/worldareas/g3_6_1.vworld,16058447,227787
ffe3d0681f4dfc1e,thickwallhallstdoor_02_c2r1.tgm.header,Tiny.V5,24550768,611
11fe9da4c07bb6ef,thickwallhallstdoor_02_c2r2.tgm,Tiny.V7,25011366,3335
e0b087157571ae3e,thickwallhallstdoor_02_c2r2.tgm.header,Tiny.V3,24844491,264
4379ef64cdfa45f2,thickwallhallstdoor_02_c2r3.tgm,Streaming/Content/data/balance/worldareas/g3_6_1.vworld,16286234,228305
b95eac0d5f0088a3,thickwallhallstdoor_02_c2r3.tgm.header,Tiny.V1,24976507,655
b4d832f904bb5b6b,thickwallhallstdoor_02_c1r1.tgm,Streaming/Content/data/balance/worldareas/g3_6_1.vworld,15045027,509773
4e5cd13315a28fe7,thickwallhallstdoor_02_c1r1.tgm.header,Tiny.VD,24872753,787
5d1b2a0a4ac11187,thickwallhallstdoor_02_c1r2.tgm,Tiny.VC,25167289,2883
cd51f6ac1087562a,thickwallhallstdoor_02_c1r2.tgm.header,Tiny.VF,25164884,264
2bc7c9d63eb5fca3,thickwallhallstdoor_02_c1r3.tgm,Streaming/Content/data/balance/worldareas/g3_6_1.vworld,15554800,503647
a4905f850338025d,thickwallhallstdoor_02_c1r3.tgm.header,Tiny.V2,25124130,831
