hash,file,bundle,offset,size
46f89182c6f24f73,click_pulse.ao,Tiny.VF.1,7790220,1984
8b26810fb724e12a,force_jet_01.ao,Tiny.VC.1,10171881,4198
