hash,file,bundle,offset,size
a4b971bc364e37f8,hover_core.pet,Tiny.V1.1,128742766,27616
