hash,file,bundle,offset,size
85d02edb3df6818a,1h_axe_epk_pass0.mat,Tiny.VA.1,63873203,1500
138f7cb00d19dd4a,1h_axe_epk_pass1.mat,Tiny.VD.1,64296678,5480
93eb94ab06e87af8,1h_axe.epk,Tiny.V9.1,67876911,1406
212b521cea8778b0,1h_axe.pet,Tiny.VF.1,61790452,23966
