hash,file,bundle,offset,size
f52be21d08b7dd4b,lioneyehelmetint.ao,Tiny_D,454936528,542
32c524e0f3540342,lioneyehelmetstr.ao,Tiny_D,454937070,542
6939a8cf786d8331,lioneyehelmetstrint.ao,Tiny_D,454938714,548
7097b07e06a44731,lioneyehelmetstrdex.ao,Tiny_D,454937612,548
211823f035e33e35,lioneyehelmetstrdexint.ao,Tiny_D,454938160,554
29c57b63a8bc7f64,lioneyehelmetdex.ao,Tiny_D,454935438,542
904d29b41d04d358,lioneyehelmetdexint.ao,Tiny_D,454935980,548
