hash,file,bundle,offset,size
f26f437ff4399690,red_royaloccultistbootsint.ao,Tiny.VC.1,180783979,952
3703254a93911899,red_royaloccultistbootsdexint.ao,Tiny.V5.1,176621712,958
11fa28ac8775fe97,red_royaloccultistbootsdex.ao,Tiny.VB.1,176569149,988
aa41cea4073f5ec9,red_royaloccultistbootsstrint.ao,Tiny.VC.1,180784931,958
72a37c9a63ad757d,red_royaloccultistbootsstrdex.ao,Tiny.VE.1,174485312,958
85f1d24273c7569a,red_royaloccultistbootsstr.ao,Tiny.V5.1,176622670,952
0fb331eaa50aaed3,royaloccultistbootsint.ao,Tiny.VE.1,174486270,472
5edee7640e8af3e5,royaloccultistbootsdexint.ao,Tiny.V8.1,178073420,478
cae595078f8daaa1,royaloccultistbootsdex.ao,Tiny.VF.1,175664690,472
fa30753b84d05500,royaloccultistbootsstr.ao,Tiny.VD.1,177010701,472
d69bea60a6c9173f,royaloccultistbootsstrdex.ao,Tiny.V8.1,178073898,478
cc918fa97cc331cc,royaloccultistbootsstrint.ao,Tiny.VA.1,176431872,478
