hash,file,bundle,offset,size
c76d52e57a190620,spidermortarimpact.ao,Tiny.VD.1,128689886,2608
296cf88094e3a1eb,spidermortar.ao,Tiny.V0.1,128364674,2144
