hash,file,bundle,offset,size
64c08247040c8c37,midline.pet,Tiny.VF.1,192136726,11040
50c3e2b621e15968,cyl.pet,Tiny.V5.1,192772444,4228
