hash,file,bundle,offset,size
0b446eecbd0cc0e1,nova.pet,Tiny.V8.1,146786280,66788
c74c186815e5edcc,eyes.pet,Tiny.V8.1,146773052,13228
d428740d98dc30a3,ghostribbons.pet,Tiny.V7.1,143834876,26498
313167cdbb6a8c1c,proj_impact.pet,Tiny.V5.1,145910868,52050
3e206a385f2ba3f4,proj_icelightning.trl,Tiny.V9.1,147826527,18274
84fd684e19787692,proj_icelightning.pet,Tiny.V7.1,143861374,6426
