hash,file,bundle,offset,size
e16478fd7b76aad7,shockwave_slam_main.ao,Tiny.V7.1,76237902,3242
26b69699d9fd62de,shockwavestart.ao,Tiny.V7.1,76241144,5900
f0a654e5fd10efd7,shockwavestart_nocone.ao,Tiny.V1.1,76991450,5226
