hash,file,bundle,offset,size
03ed811cb0cf3acb,lwcapeintheld.ao,Tiny.V2.1,177955696,2134
91747a2151664706,lwcapedexintheld.ao,Tiny.V4.1,177515024,2140
005634c38bd3dcae,lwcapedexheld.ao,Tiny.V3.1,178726399,2134
298d07754f49bf0d,lwcapestrintheld.ao,Tiny.V4.1,177517164,2140
f17b0c5c03c5a0ee,lwcapestrdexheld.ao,Tiny.V7.1,173388401,2140
c4584765cdaec186,lwcapestrheld.ao,Tiny.V3.1,178728533,2134
