hash,file,bundle,offset,size
b612f5a3af43a62e,variantbrobe.ao,Tiny.VF.1,184427160,1582
114fd11cdd439c3e,tentaclecape.ao,Tiny.V5.1,185440100,2054
abcb360859ea9c6f,tentacletongue.ao,Tiny.VF.1,184425670,1490
