hash,file,bundle,offset,size
7a2dc3eee246464c,fire.pet,Tiny.V9.1,179604440,14886
