hash,file,bundle,offset,size
fc1bf624c90cd0b8,beamcore_r.mat,Tiny.V1.1,9817324,41024
ed847fd610aaa47b,beamcore_u.mat,Tiny.V1.1,92469126,1398
6e3b56382cb07e3d,flameribbons_u.mat,Tiny.V2.1,171106332,50200
9aee71c841b8c766,flameribbons_r1.mat,Tiny.VC.1,13345829,66816
014f65a70c87d248,flameribbons_r2.mat,Tiny.V0.1,175583202,41754
e586f031e6e187a1,fireembers_r.mat,Tiny.VB.1,10144607,21190
f07c7b3e15dff3c2,fireembers_u.mat,Tiny.VF.1,73382866,26280
