hash,file,bundle,offset,size
c88bee73e7faf5ba,skim.ao,Tiny.V2.1,50097504,418
8538a08eebd8b041,skim.aoc,Tiny.V4.1,67522404,2264
062d444ffcb2fa31,mortar.ao,Tiny.VF.1,63311716,360
4f526382699cf56a,mortar.aoc,Tiny.VF.1,63312076,1814
af19bc5c0fb35022,impact.ao,Tiny.V2.1,50097504,418
8b76fac276fdc173,impact.aoc,Tiny.V3.1,62296954,1886
